08	1a	c0	0b	00	c4	00	4a	92	ed	
f4	eb	00	00	06	00	0a	00	e8	92	
4a	00	10	f0	5a	58	05	00	00	00	
00	00	00	00	00	00	00	00	00	00	
00	00	00	00	00	00	00	00	00	01	
bd	00	01	00	00	00	d3	00	36	00	
3b	00	06	00	00	00	19	00	0b	02	
12	00	09	00	12	00	00	00	00	00	
19	3f	19	3f	22	3f	00	00	00	00	
00	00	00	00	00	10	00	01	00	00	
a4	00	00	00	03	00	24	3f	95	ff	
1f	3f	00	00	00	00	c8	fc	01	00	
fd	ff	c7	00	17	00	1d	00	1a	00	
17	00	0f	00	15	00	0f	00	15	00	
17	00	00	00	00	00	00	00	00	00	
f9	03	00	00	00	00	00	00	00	00	
cc	0c	00	00	00	00	00	0a	00	13	
00	10	00	14	00	10	01	14	01	07	
00	06	00	f8	01	f8	01	21	31	04	
00	29	5c	8f	be	3d	0a	d7	bd	00	
00	00	be	