08	1a	c7	bc	00	c4	00	21	bb	a1	
16	de	00	00	0a	00	06	00	9b	bb	
21	00	a8	ab	3b	3e	43	00	00	00	
00	00	00	00	00	00	00	00	00	00	
00	00	00	00	00	00	00	00	00	01	
b9	00	00	01	00	00	e8	00	36	00	
3b	00	09	00	00	00	19	00	fa	01	
12	00	09	00	12	00	00	00	00	00	
37	3f	38	3f	41	3f	00	00	00	00	
00	00	00	00	00	10	00	01	00	00	
a2	00	00	00	03	00	43	3f	92	ff	
45	3f	00	00	00	00	e5	e7	01	00	
fd	ff	c4	00	14	00	1a	00	17	00	
14	00	0f	00	12	00	0c	00	15	00	
14	00	00	00	00	00	00	00	00	00	
46	04	00	00	00	00	00	00	00	00	
cc	0c	00	00	00	00	00	09	00	12	
00	0f	00	14	00	10	00	13	01	f9	
01	06	01	06	01	21	01	3d	23	04	
00	ad	47	e1	3d	14	ae	c7	bd	67	
66	16	3f	