08	1a	c7	b9	00	c4	00	21	bb	83	
18	f3	00	00	0a	00	06	00	7d	bb	
21	00	5b	bb	48	3c	42	00	00	00	
00	00	00	00	00	00	00	00	00	00	
00	00	00	00	00	00	00	00	00	01	
b9	00	00	01	00	00	e8	00	33	00	
3b	00	09	00	00	00	19	00	f7	01	
12	00	09	00	12	00	00	00	00	00	
37	3f	38	3f	41	3f	00	00	00	00	
00	00	00	00	00	10	00	01	00	00	
a2	00	00	00	03	00	43	3f	94	ff	
47	3f	00	00	00	00	03	e8	01	00	
fe	ff	c3	00	14	00	1a	00	1a	00	
17	00	0f	00	15	00	0c	00	15	00	
14	00	00	00	00	00	00	00	00	00	
46	04	00	00	00	00	00	00	00	00	
cc	0c	00	00	00	00	00	09	00	12	
00	0f	00	13	00	10	01	13	01	07	
01	06	01	06	01	21	01	3d	23	04	
00	cd	cc	0c	3e	29	5c	8f	bd	33	
33	13	3f	