08	1a	c0	0c	00	c4	00	4a	92	f7	
f4	f5	00	00	06	00	0a	00	f2	92	
4a	00	95	bb	cf	5b	06	00	00	00	
00	00	00	00	00	00	00	00	00	00	
00	00	00	00	00	00	00	00	00	01	
bd	00	01	00	00	00	d3	00	39	00	
3b	00	06	00	00	00	19	00	1c	02	
12	00	09	00	12	00	00	00	00	00	
19	3f	28	3f	22	3f	00	00	00	00	
00	00	00	00	00	10	00	01	00	00	
a4	00	00	00	03	00	24	3f	94	ff	
1f	3f	00	00	00	00	be	fc	01	00	
fd	ff	ca	00	17	00	1d	00	1a	00	
17	00	0f	00	15	00	0f	00	18	00	
17	00	00	00	00	00	00	00	00	00	
ea	03	00	00	00	00	00	00	00	00	
cc	0c	00	00	00	00	00	09	00	13	
00	10	00	14	00	10	00	14	01	f9	
00	06	01	eb	01	06	01	2f	15	04	
00	29	5c	8f	be	67	66	e6	bd	5c	
8f	02	be	