08	1a	c7	bb	00	c4	00	21	bb	97	
16	de	00	00	0a	00	06	00	91	bb	
21	00	71	e2	50	3e	43	00	00	00	
00	00	00	00	00	00	00	00	00	00	
00	00	00	00	00	00	00	00	00	01	
b9	00	00	01	00	00	e7	00	36	00	
3b	00	06	00	00	00	1c	00	fa	01	
12	00	09	00	12	00	00	00	00	00	
37	3f	47	3f	41	3f	00	00	00	00	
00	00	00	00	00	10	00	01	00	00	
a2	00	00	00	03	00	43	3f	94	ff	
47	3f	00	00	00	00	ef	e7	01	00	
fe	ff	c4	00	14	00	1a	00	1a	00	
17	00	0f	00	12	00	0f	00	15	00	
14	00	00	00	00	00	00	00	00	00	
46	04	00	00	00	00	00	00	00	00	
ce	0c	00	00	00	00	00	09	00	12	
00	0f	00	14	00	10	01	13	01	07	
01	14	01	06	01	21	01	3d	31	04	
00	46	e1	fa	3d	cc	cc	cc	bd	b8	
1e	15	3f	