08	1a	c0	09	00	c4	00	4a	92	d9	
f3	43	00	00	06	00	0a	00	d4	92	
4a	00	9d	46	5a	58	04	00	00	00	
00	00	00	00	00	00	00	00	00	00	
00	00	00	00	00	00	00	00	00	01	
bd	00	01	00	00	00	d2	00	36	00	
3b	00	09	00	03	00	1c	00	1f	02	
12	00	09	00	12	00	00	00	00	00	
19	3f	28	3f	22	3f	00	00	00	00	
00	00	00	00	00	10	00	01	00	00	
a4	00	00	00	03	00	24	3f	94	ff	
22	3f	00	00	00	00	dc	fc	01	00	
fc	ff	cb	00	17	00	1d	00	1a	00	
17	00	0f	00	15	00	0f	00	18	00	
17	00	00	00	00	00	00	00	00	00	
ea	03	00	00	00	00	00	00	00	00	
cc	0c	00	00	00	00	00	0a	00	13	
00	10	00	14	00	10	00	14	01	f9	
00	06	01	f8	01	06	01	2f	15	04	
00	85	eb	91	be	eb	51	b8	bd	5c	
8f	02	be	