08	1a	c0	0d	00	c4	00	4a	93	01	
f2	cc	00	00	06	00	0a	00	fc	92	
4a	00	18	40	53	5c	06	00	00	00	
00	00	00	00	00	00	00	00	00	00	
00	00	00	00	00	00	00	00	00	01	
bd	00	01	00	00	00	d3	00	45	00	
46	00	09	00	03	00	1c	00	e1	04	
21	00	17	00	21	00	00	00	00	00	
09	3f	0a	3f	04	3f	00	00	00	00	
00	00	00	00	00	10	00	01	00	00	
a4	00	00	00	03	00	15	3f	8d	ff	
0f	3f	00	00	00	00	b4	fc	01	00	
fd	ff	67	01	2f	00	35	00	32	00	
2f	00	27	00	2d	00	27	00	30	00	
2f	00	00	00	00	00	00	00	00	00	
18	04	00	00	00	00	00	00	00	00	
c0	0c	00	00	00	00	00	0a	00	13	
00	10	00	14	00	10	00	14	00	eb	
00	f8	01	f8	01	06	01	21	15	04	
00	7b	14	8e	be	46	e1	fa	bd	8f	
c2	f5	bd	