08	04	dd	88	00	a5	00	b3	58	82	
b7	03	00	00	00	00	41	44	43	53	
00	00	00	00	00	00	00	00	00	00	
00	00	00	00	00	00	01	00	02	00	
27	00	00	00	02	00	00	00	41	44	
43	53	20	41	70	70	20	53	75	63	
63	65	73	66	75	6c	6c	79	20	49	
6e	69	74	69	61	6c	69	7a	65	64	
00	00	00	00	00	00	00	00	00	00	
00	00	00	00	00	00	00	00	00	00	
00	00	00	00	00	00	00	00	00	00	
00	00	00	00	00	00	00	00	00	00	
00	00	00	00	00	00	00	00	00	00	
00	00	00	00	00	00	00	00	00	00	
00	00	00	00	00	00	00	00	00	00	
00	00	00	00	00	00	00	00	00	00	
00	00	00	00	00	00	00	00	00	00	
00	00	