08	04	ec	6b	00	a5	00	d2	f8	28	
83	f6	00	00	00	00	43	46	45	5f	
45	53	00	00	00	00	00	00	00	00	
00	00	00	00	00	00	06	00	02	00	
27	00	00	00	02	00	00	00	53	74	
61	72	74	65	64	20	41	44	43	53	
20	66	72	6f	6d	20	2f	63	66	2f	
61	64	63	73	34	2e	73	6f	2c	20	
41	70	70	49	44	20	3d	20	31	31	
31	34	31	33	39	00	00	00	00	00	
00	00	00	00	00	00	00	00	00	00	
00	00	00	00	00	00	00	00	00	00	
00	00	00	00	00	00	00	00	00	00	
00	00	00	00	00	00	00	00	00	00	
00	00	00	00	00	00	00	00	00	00	
00	00	00	00	00	00	00	00	00	00	
00	00	00	00	00	00	00	00	00	00	
00	00	