08	04	c1	b4	00	a5	00	d5	88	b9	
dd	7a	00	00	00	00	41	44	43	53	
00	00	00	00	00	00	00	00	00	00	
00	00	00	00	00	00	02	00	03	00	
27	00	00	00	02	00	00	00	49	6e	
76	61	6c	69	64	20	67	72	6f	75	
6e	64	20	63	6f	6d	6d	61	6e	64	
20	63	6f	64	65	3a	20	43	43	20	
3d	20	31	30	31	00	00	00	00	00	
00	00	00	00	00	00	00	00	00	00	
00	00	00	00	00	00	00	00	00	00	
00	00	00	00	00	00	00	00	00	00	
00	00	00	00	00	00	00	00	00	00	
00	00	00	00	00	00	00	00	00	00	
00	00	00	00	00	00	00	00	00	00	
00	00	00	00	00	00	00	00	00	00	
00	00	00	00	00	00	00	00	00	00	
00	00	