===== REPORT RAW CHUNK DUMP (208 bytes) =====
08 25 c0 00 02 15 00 aa cc 64 7c bc 00 00 00 00 
75 18 14 05 00 00 00 00 bc 00 36 00 38 00 0d 00 
00 00 06 00 00 00 f8 ff f8 ff 19 00 fa 01 12 00 
09 00 12 00 00 00 00 00 00 00 00 00 ae 3e ae 3e 
04 01 13 01 b7 3e 00 00 00 00 00 00 00 00 01 01 
00 00 01 01 00 00 01 01 01 00 00 00 00 00 ac 00 
ac 00 00 01 00 00 a9 00 00 00 7d 4b 09 00 01 00 
03 00 01 00 00 00 00 00 00 00 00 00 00 00 00 00 
00 00 00 00 00 00 00 00 00 00 00 00 00 00 b9 3e 
95 ff 38 ff b2 3e 00 00 00 00 07 02 02 01 04 06 
00 00 01 01 01 01 01 01 00 00 00 00 00 00 08 00 
00 00 00 00 00 00 04 00 00 00 00 00 00 00 29 00 
00 00 ec a2 02 00 00 00 00 00 28 01 00 00 05 05 
===========================================
