===== REPORT RAW CHUNK DUMP (208 bytes) =====
08 25 c0 00 02 15 00 bb 34 3d 30 c7 00 00 00 00 
75 18 14 05 00 00 00 00 bc 00 33 00 38 00 0d 00 
00 00 06 00 00 00 f8 ff fb ff 22 00 f7 01 12 00 
09 00 12 00 00 00 00 00 00 00 00 00 09 3f 19 3f 
04 01 13 01 13 3f 00 00 00 00 00 00 00 00 01 01 
00 00 01 01 00 00 01 01 01 00 00 00 00 00 7d 00 
7a 00 00 01 00 00 a9 00 00 00 5c b5 19 00 01 00 
03 00 01 00 00 00 00 00 00 00 00 00 00 00 00 00 
00 00 00 00 00 00 00 00 00 00 00 00 00 00 15 3f 
95 ff 87 ff 08 3f 00 00 00 00 07 02 02 01 04 06 
00 00 01 01 01 01 01 01 00 00 00 00 00 00 08 00 
00 00 00 00 00 00 04 00 00 00 00 00 00 00 29 00 
00 00 68 0b 02 00 00 00 00 00 2c 01 00 00 05 05 
===========================================
