===== REPORT RAW CHUNK DUMP (208 bytes) =====
08 25 c0 00 02 15 00 ac b7 89 5a d3 00 00 00 00 
75 18 1a 05 00 00 00 00 7c 00 36 00 43 00 18 00 
14 00 0f 00 0d 00 45 41 30 41 14 41 fd 40 40 3a 
43 3a e1 3e cf 0c 96 00 96 00 97 00 01 00 ad 42 
ba 43 0a 46 3f 46 3f 46 3f 46 86 03 5e 04 8f 01 
4c 01 df 00 c1 00 01 01 01 00 7b 02 83 02 9d 02 
a5 02 9d 02 9d 02 00 00 00 00 00 01 00 00 96 00 
00 00 d7 36 0b 00 01 00 16 00 31 00 00 00 07 01 
01 03 03 03 04 00 01 01 01 01 01 01 01 00 08 00 
00 00 cc a2 02 00 00 00 00 00 00 00 00 00 00 00 
00 00 00 00 00 00 00 00 00 00 00 00 00 00 00 00 
00 00 00 00 00 00 00 00 00 00 00 00 00 00 00 00 
00 00 00 00 00 00 00 00 00 00 00 00 00 00 00 00 
===========================================
