===== REPORT RAW CHUNK DUMP (208 bytes) =====
08 25 c0 00 02 15 00 ad 5c e2 00 ca 00 00 00 00 
75 18 14 05 00 00 00 00 bc 00 36 00 3b 00 10 00 
00 00 06 00 03 00 f8 ff fb ff 19 00 fa 01 12 00 
09 00 12 00 00 00 00 00 00 00 00 00 47 3f 47 3f 
13 01 13 01 41 3f 00 00 00 00 00 00 00 00 01 01 
00 00 01 01 00 00 01 01 01 00 00 00 00 00 c8 00 
c6 00 00 01 00 00 a9 00 00 00 4c dc 0b 00 01 00 
03 00 01 00 00 00 00 00 00 00 00 00 00 00 00 00 
00 00 00 00 00 00 00 00 00 00 00 00 00 00 43 3f 
95 ff 3a ff 46 3f 00 00 00 00 07 02 02 01 04 06 
00 00 01 01 01 01 01 01 00 00 00 00 00 00 08 00 
00 00 00 00 00 00 04 00 00 00 00 00 00 00 29 00 
00 00 eb a2 02 00 00 00 00 00 2b 01 00 00 05 05 
===========================================
