===== REPORT RAW CHUNK DUMP (208 bytes) =====
08 25 c0 00 02 15 00 ac b7 0d 60 c3 00 00 00 00 
75 18 17 05 00 00 00 00 90 00 14 00 1d 00 17 00 
14 00 0c 00 12 00 0c 00 18 00 14 00 00 00 00 00 
00 00 00 00 ea 03 00 00 00 00 00 00 00 00 ce 0c 
96 3e a0 00 00 00 00 00 00 00 00 00 00 00 00 00 
00 00 00 01 00 00 82 00 00 00 5d 36 0b 00 01 00 
03 00 00 00 00 00 00 00 00 00 00 00 00 00 00 00 
00 00 00 00 07 02 02 04 00 00 00 00 01 01 01 01 
00 00 00 00 00 00 08 00 00 00 00 00 00 00 00 00 
00 00 00 00 00 00 00 00 00 00 74 0b 02 00 00 00 
00 00 00 00 00 00 05 05 00 00 00 00 00 00 00 00 
00 00 00 00 00 00 00 00 00 00 00 00 00 00 00 00 
00 00 00 00 00 00 00 00 00 00 00 00 00 00 00 00 
===========================================
