===== REPORT RAW CHUNK DUMP (208 bytes) =====
08 25 c0 00 02 15 00 b1 ee 7a ce c7 00 00 00 00 
75 18 14 05 00 00 00 00 bc 00 36 00 38 00 0d 00 
00 00 06 00 00 00 f8 ff f8 ff 1c 00 f7 01 0f 00 
09 00 12 00 00 00 00 00 00 00 00 00 28 3f 19 3f 
13 01 13 01 22 3f 00 00 00 00 00 00 00 00 01 01 
00 00 01 01 00 00 01 01 01 00 00 00 00 00 a5 00 
a3 00 00 01 00 00 a9 00 00 00 74 6e 10 00 01 00 
03 00 01 00 00 00 00 00 00 00 00 00 00 00 00 00 
00 00 00 00 00 00 00 00 00 00 00 00 00 00 15 3f 
95 ff 35 00 18 3f 00 00 00 00 07 02 02 01 04 06 
00 00 01 01 01 01 01 01 00 00 00 00 00 00 08 00 
00 00 00 00 00 00 04 00 00 00 00 00 00 00 29 00 
00 00 e5 a2 02 00 00 00 00 00 2a 01 00 00 05 05 
===========================================
