===== REPORT RAW CHUNK DUMP (208 bytes) =====
08 25 c0 00 02 15 00 ad 72 e1 c6 c6 00 00 00 00 
75 18 14 05 00 00 00 00 bc 00 33 00 3b 00 10 00 
00 00 09 00 03 00 f8 ff fb ff 1c 00 f7 01 12 00 
09 00 12 00 00 00 00 00 00 00 00 00 09 3f 0a 3f 
04 01 13 01 04 3f 00 00 00 00 00 00 00 00 01 01 
00 00 01 01 00 00 01 01 01 00 00 00 00 00 a2 00 
a2 00 00 01 00 00 a9 00 00 00 4e f2 0b 00 01 00 
03 00 01 00 00 00 00 00 00 00 00 00 00 00 00 00 
00 00 00 00 00 00 00 00 00 00 00 00 00 00 06 3f 
94 ff 3a ff 07 3f 00 00 00 00 07 02 02 01 04 06 
00 00 01 01 01 01 01 01 00 00 00 00 00 00 08 00 
00 00 00 00 00 00 04 00 00 00 00 00 00 00 29 00 
00 00 eb a2 02 00 00 00 00 00 29 01 00 00 05 05 
===========================================
