===== REPORT RAW CHUNK DUMP (208 bytes) =====
08 25 c0 00 02 15 00 d4 34 be 0b 5d 00 00 00 00 
75 18 17 05 00 00 00 00 90 00 14 00 1d 00 1a 00 
17 00 0f 00 15 00 0f 00 15 00 17 00 00 00 00 00 
00 00 00 00 f9 03 00 00 00 00 00 00 00 00 ce 0c 
5d 3f 7f 00 00 00 00 00 00 00 00 00 00 00 00 00 
00 00 01 00 00 00 84 00 00 00 08 8f 02 00 01 00 
03 00 00 00 00 00 00 00 00 00 00 00 00 00 00 00 
00 00 00 00 07 02 02 04 00 00 00 00 01 01 01 01 
00 00 00 00 00 00 08 00 00 00 00 00 00 00 00 00 
00 00 00 00 00 00 00 00 00 00 d7 a2 02 00 00 00 
00 00 00 00 00 00 05 05 00 00 00 00 00 00 00 00 
00 00 00 00 00 00 00 00 00 00 00 00 00 00 00 00 
00 00 00 00 00 00 00 00 00 00 00 00 00 00 00 00 
===========================================
