===== REPORT RAW CHUNK DUMP (208 bytes) =====
08 25 c0 00 02 15 00 d4 34 61 1b 34 00 00 00 00 
75 18 1a 05 00 00 00 00 7c 00 2d 00 38 00 34 00 
30 00 0f 00 0d 00 de 41 c8 41 d5 41 a2 41 39 3b 
e4 3b 5e 3f cf 0c 6e 00 6f 00 70 00 01 00 ba 43 
22 4a 81 49 9d 47 75 46 75 46 f6 02 af 03 6c 03 
26 03 e3 00 c7 00 01 01 01 00 81 02 c2 02 bc 02 
aa 02 9f 02 9d 02 00 00 00 00 01 00 00 00 98 00 
00 00 aa 8e 02 00 01 00 16 00 31 00 00 00 07 01 
01 03 03 03 04 00 01 01 01 01 01 01 01 00 08 00 
00 00 5f 0b 02 00 00 00 00 00 00 00 00 00 00 00 
00 00 00 00 00 00 00 00 00 00 00 00 00 00 00 00 
00 00 00 00 00 00 00 00 00 00 00 00 00 00 00 00 
00 00 00 00 00 00 00 00 00 00 00 00 00 00 00 00 
===========================================
