===== REPORT RAW CHUNK DUMP (208 bytes) =====
08 25 c0 00 02 15 00 cd ab da cc 8a 00 00 00 00 
65 18 43 00 00 00 00 00 2a 00 de aa 66 3e 55 a7 
72 3e 19 45 0b 3e 4a 7b ff b8 16 c4 8b 39 2c e3 
9b 3a 00 00 00 00 f0 d8 00 00 00 00 10 27 f0 d8 
00 00 00 00 00 00 00 00 00 00 00 00 00 00 00 00 
00 00 00 00 00 00 00 00 00 00 00 00 00 00 00 00 
00 00 00 00 00 00 00 00 00 00 00 00 00 00 00 00 
00 00 00 00 00 00 00 00 00 00 00 00 00 00 00 00 
00 00 00 00 00 00 00 00 00 00 00 00 00 00 00 00 
00 00 00 00 00 00 00 00 00 00 00 00 00 00 00 00 
00 00 00 00 00 00 00 00 00 00 00 00 00 00 00 00 
00 00 00 00 00 00 00 00 00 00 00 00 00 00 00 00 
00 00 00 00 00 00 00 00 00 00 00 00 00 00 00 00 
===========================================
