===== REPORT RAW CHUNK DUMP (208 bytes) =====
08 25 c0 00 02 15 00 a1 85 c3 0a b6 00 00 00 00 
75 18 14 05 00 00 00 00 bc 00 33 00 3b 00 10 00 
00 00 09 00 03 00 f8 ff f8 ff 1c 00 f7 01 12 00 
06 00 12 00 00 00 00 00 00 00 00 00 dc 3e eb 3e 
13 01 13 01 e5 3e 00 00 00 00 00 00 00 00 01 01 
00 00 01 01 00 00 01 01 01 00 00 00 00 00 b6 00 
b6 00 00 01 00 00 a9 00 00 00 b3 03 00 00 01 00 
03 00 01 00 00 00 00 00 00 00 00 00 00 00 00 00 
00 00 00 00 00 00 00 00 00 00 00 00 00 00 e7 3e 
94 ff 3a ff e6 3e 00 00 00 00 07 02 02 01 04 06 
00 00 01 01 01 01 01 01 00 00 00 00 00 00 08 00 
00 00 00 00 00 00 04 00 00 00 00 00 00 00 29 00 
00 00 dc a2 02 00 00 00 00 00 28 01 00 00 05 05 
===========================================
