===== REPORT RAW CHUNK DUMP (208 bytes) =====
08 25 c0 00 02 15 00 aa b6 5e 02 cc 00 00 00 00 
75 18 14 05 2c f8 ff ff bc 00 33 00 38 00 10 00 
00 00 06 00 00 00 f8 ff f8 ff 1c 00 f7 01 12 00 
09 00 0f 00 00 00 00 00 00 00 00 00 cc 3e cc 3e 
04 01 13 01 d6 3e 00 00 00 00 00 00 00 00 01 01 
00 00 01 01 00 00 01 01 01 00 00 00 00 00 9b 00 
99 00 00 01 00 00 a9 00 00 00 74 35 09 00 01 00 
03 00 01 00 00 00 00 00 00 00 00 00 00 00 00 00 
00 00 00 00 00 00 00 00 00 00 00 00 00 00 d8 3e 
95 ff 39 ff d4 3e 00 00 00 00 07 02 02 01 04 06 
00 00 01 01 01 01 01 01 00 00 00 00 00 00 08 00 
00 00 00 00 00 00 04 00 00 00 00 00 00 00 29 00 
00 00 74 50 01 00 00 00 00 00 2a 01 00 00 05 05 
===========================================
