===== REPORT RAW CHUNK DUMP (208 bytes) =====
08 25 c0 00 02 15 00 ce fd ce 90 ac 00 00 00 00 
75 18 14 05 00 00 00 00 bc 00 33 00 3b 00 0d 00 
00 00 06 00 00 00 f8 ff f8 ff a1 00 f7 01 12 00 
0c 00 0f 00 00 00 00 00 00 00 00 00 28 3f 19 3f 
13 01 13 01 13 3f 00 00 00 00 00 00 00 00 01 01 
00 00 01 01 00 00 01 01 01 00 00 00 00 00 b4 00 
b2 00 00 01 00 00 aa 00 00 00 41 f9 03 00 01 00 
03 00 01 00 00 00 00 00 00 00 00 00 00 00 00 00 
00 00 00 00 00 00 00 00 00 00 00 00 00 00 15 3f 
95 ff d7 ff 1c 3f 00 00 00 00 07 02 02 01 04 06 
00 00 01 01 01 01 01 01 00 00 00 00 00 00 08 00 
00 00 00 00 00 00 04 00 00 00 00 00 00 00 29 00 
00 00 f1 8c 02 00 00 00 00 00 28 01 00 00 05 05 
===========================================
