===== REPORT RAW CHUNK DUMP (208 bytes) =====
08 25 c0 00 02 15 00 cf a5 47 42 ad 00 00 00 00 
75 18 14 05 00 00 00 00 bc 00 33 00 38 00 10 00 
00 00 06 00 00 00 f8 ff fb ff 25 00 fa 01 12 00 
06 00 12 00 00 00 00 00 00 00 00 00 cc 3e dc 3e 
13 01 13 01 d6 3e 00 00 00 00 00 00 00 00 01 01 
00 00 01 01 00 00 01 01 01 00 00 00 00 00 aa 00 
a8 00 00 01 00 00 aa 00 00 00 cf a0 04 00 01 00 
03 00 01 00 00 00 00 00 00 00 00 00 00 00 00 00 
00 00 00 00 00 00 00 00 00 00 00 00 00 00 d8 3e 
95 ff 2e ff d3 3e 00 00 00 00 07 02 02 01 04 06 
00 00 01 01 01 01 01 01 00 00 00 00 00 00 08 00 
00 00 00 00 00 00 04 00 00 00 00 00 00 00 29 00 
00 00 ca a0 02 00 00 00 00 00 2a 01 00 00 05 05 
===========================================
