===== REPORT RAW CHUNK DUMP (208 bytes) =====
08 25 c0 00 02 15 00 b3 fc 98 12 c5 00 00 00 00 
75 18 14 05 00 00 00 00 bc 00 36 00 38 00 10 00 
03 00 06 00 00 00 f8 ff fb ff 19 00 fa 01 0f 00 
09 00 12 00 00 00 00 00 00 00 00 00 fa 3e fa 3e 
13 01 13 01 04 3f 00 00 00 00 00 00 00 00 01 01 
00 00 01 01 00 00 01 01 01 00 00 00 00 00 ca 00 
c8 00 00 01 00 00 a9 00 00 00 d3 7c 12 00 01 00 
03 00 01 00 00 00 00 00 00 00 00 00 00 00 00 00 
00 00 00 00 00 00 00 00 00 00 00 00 00 00 06 3f 
94 ff 39 ff 04 3f 00 00 00 00 07 02 02 01 04 06 
00 00 01 01 01 01 01 01 00 00 00 00 00 00 08 00 
00 00 00 00 00 00 04 00 00 00 00 00 00 00 29 00 
00 00 1d fe 01 00 00 00 00 00 29 01 00 00 05 05 
===========================================
