===== REPORT RAW CHUNK DUMP (208 bytes) =====
08 25 c0 00 02 15 00 aa cc 07 68 e4 00 00 00 00 
75 18 17 05 00 00 00 00 90 00 17 00 1a 00 1a 00 
14 00 0c 00 12 00 0c 00 15 00 17 00 00 00 00 00 
00 00 00 00 f9 03 00 00 00 00 00 00 00 00 cc 0c 
b5 3e bb 00 00 00 00 00 00 00 00 00 00 00 00 00 
00 00 00 01 00 00 82 00 00 00 1b 4b 09 00 01 00 
03 00 00 00 00 00 00 00 00 00 00 00 00 00 00 00 
00 00 00 00 07 02 02 04 00 00 00 00 01 01 01 01 
00 00 00 00 00 00 08 00 00 00 00 00 00 00 00 00 
00 00 00 00 00 00 00 00 00 00 4a 8d 02 00 00 00 
00 00 00 00 00 00 05 05 00 00 00 00 00 00 00 00 
00 00 00 00 00 00 00 00 00 00 00 00 00 00 00 00 
00 00 00 00 00 00 00 00 00 00 00 00 00 00 00 00 
===========================================
