===== REPORT RAW CHUNK DUMP (208 bytes) =====
08 25 c0 00 02 15 00 ba 9c ea a2 cf 00 00 00 00 
75 18 1a 05 00 00 00 00 7c 00 0a 00 13 00 10 00 
15 00 11 00 14 00 31 01 3d 01 4b 01 58 01 82 01 
69 01 3f 3f cb 0c d2 00 d2 00 d2 00 01 00 3f 46 
3f 46 e1 46 e1 46 75 46 3f 46 03 00 06 00 05 00 
07 00 06 00 07 00 01 01 01 00 9d 02 9d 02 a1 02 
a3 02 9f 02 99 02 00 00 00 00 00 01 00 00 96 00 
00 00 eb 1d 19 00 01 00 16 00 31 00 00 00 07 01 
01 03 03 03 04 00 01 01 01 01 01 01 01 00 08 00 
00 00 cc a2 02 00 00 00 00 00 00 00 00 00 00 00 
00 00 00 00 00 00 00 00 00 00 00 00 00 00 00 00 
00 00 00 00 00 00 00 00 00 00 00 00 00 00 00 00 
00 00 00 00 00 00 00 00 00 00 00 00 00 00 00 00 
===========================================
