===== REPORT RAW CHUNK DUMP (208 bytes) =====
08 25 c0 00 02 15 00 ac b7 2c 5a c6 00 00 00 00 
75 18 1a 05 00 00 00 00 7c 00 10 00 1b 00 1c 00 
18 00 0f 00 0d 00 1b 41 14 41 14 41 fd 40 71 39 
81 39 c2 3e cf 0c 93 00 93 00 94 00 01 00 0a 46 
68 45 5c 44 3f 46 ab 46 3f 46 0a 01 c1 01 d2 01 
8f 01 dc 00 bf 00 01 01 01 00 99 02 95 02 8b 02 
9d 02 a1 02 9f 02 00 00 00 00 00 01 00 00 96 00 
00 00 7a 36 0b 00 01 00 16 00 31 00 00 00 07 01 
01 03 03 03 04 00 01 01 01 01 01 01 01 00 08 00 
00 00 55 0b 02 00 00 00 00 00 00 00 00 00 00 00 
00 00 00 00 00 00 00 00 00 00 00 00 00 00 00 00 
00 00 00 00 00 00 00 00 00 00 00 00 00 00 00 00 
00 00 00 00 00 00 00 00 00 00 00 00 00 00 00 00 
===========================================
