===== REPORT RAW CHUNK DUMP (208 bytes) =====
08 25 c0 00 02 15 00 d3 9c a8 c1 44 00 00 00 00 
75 18 1a 05 00 00 00 00 7c 00 4c 00 52 00 7c 00 
75 00 0f 00 0d 00 ec 41 d5 41 e3 41 cc 41 6d 3f 
01 3e 7d 3f cf 0c b6 00 b7 00 b9 00 01 00 33 45 
e1 46 c7 44 9d 47 0a 46 d4 45 02 05 65 05 2b 08 
b2 07 f3 00 ce 00 01 01 01 00 8d 02 a3 02 91 02 
ac 02 9b 02 a3 02 00 00 00 00 01 00 00 00 98 00 
00 00 df f6 01 00 01 00 16 00 31 00 00 00 07 01 
01 03 03 03 04 00 01 01 01 01 01 01 01 00 08 00 
00 00 b6 fd 01 00 00 00 00 00 00 00 00 00 00 00 
00 00 00 00 00 00 00 00 00 00 00 00 00 00 00 00 
00 00 00 00 00 00 00 00 00 00 00 00 00 00 00 00 
00 00 00 00 00 00 00 00 00 00 00 00 00 00 00 00 
===========================================
