===== REPORT RAW CHUNK DUMP (208 bytes) =====
08 25 c0 00 02 15 00 cf a5 40 f8 93 00 00 00 00 
75 18 14 05 00 00 00 00 bc 00 36 00 38 00 0d 00 
00 00 09 00 03 00 f8 ff fb ff 22 00 fa 01 0f 00 
06 00 12 00 00 00 00 00 00 00 00 00 cc 3e dc 3e 
13 01 13 01 d6 3e 00 00 00 00 00 00 00 00 01 01 
00 00 01 01 00 00 01 01 01 00 00 00 00 00 aa 00 
a9 00 00 01 00 00 aa 00 00 00 c8 a0 04 00 01 00 
03 00 01 00 00 00 00 00 00 00 00 00 00 00 00 00 
00 00 00 00 00 00 00 00 00 00 00 00 00 00 d8 3e 
95 ff 30 ff d4 3e 00 00 00 00 07 02 02 01 04 06 
00 00 01 01 01 01 01 01 00 00 00 00 00 00 08 00 
00 00 00 00 00 00 04 00 00 00 00 00 00 00 29 00 
00 00 d1 a0 02 00 00 00 00 00 2c 01 00 00 05 05 
===========================================
