===== REPORT RAW CHUNK DUMP (208 bytes) =====
08 25 c0 00 02 15 00 c9 19 3d 12 e8 00 00 00 00 
75 18 14 05 00 00 00 00 bc 00 33 00 38 00 10 00 
00 00 06 00 00 00 f8 ff f8 ff 25 00 fd 01 12 00 
09 00 12 00 00 00 00 00 00 00 00 00 47 3f 47 3f 
04 01 13 01 41 3f 00 00 00 00 00 00 00 00 01 01 
00 00 01 01 00 00 01 01 01 00 00 00 00 00 c3 00 
c1 00 00 01 00 00 a9 00 00 00 16 9c 27 00 01 00 
03 00 01 00 00 00 00 00 00 00 00 00 00 00 00 00 
00 00 00 00 00 00 00 00 00 00 00 00 00 00 43 3f 
95 ff 8c 00 43 3f 00 00 00 00 07 02 02 01 04 06 
00 00 01 01 01 01 01 01 00 00 00 00 00 00 08 00 
00 00 00 00 00 00 04 00 00 00 00 00 00 00 29 00 
00 00 0e 8d 02 00 00 00 00 00 2a 01 00 00 05 05 
===========================================
