===== REPORT RAW CHUNK DUMP (208 bytes) =====
08 25 c0 00 02 15 00 bb 34 9a 28 f1 00 00 00 00 
75 18 14 05 00 00 00 00 bc 00 33 00 38 00 0d 00 
00 00 06 00 00 00 f8 ff fb ff 22 00 fa 01 0f 00 
06 00 12 00 00 00 00 00 00 00 00 00 65 3f 66 3f 
13 01 13 01 5f 3f 00 00 00 00 00 00 00 00 01 01 
00 00 01 01 00 00 01 01 01 00 00 00 00 00 7f 00 
7e 00 00 01 00 00 a9 00 00 00 ba b5 19 00 01 00 
03 00 01 00 00 00 00 00 00 00 00 00 00 00 00 00 
00 00 00 00 00 00 00 00 00 00 00 00 00 00 62 3f 
95 ff a0 01 56 3f 00 00 00 00 07 02 02 01 04 06 
00 00 01 01 01 01 01 01 00 00 00 00 00 00 08 00 
00 00 00 00 00 00 04 00 00 00 00 00 00 00 29 00 
00 00 f5 a2 02 00 00 00 00 00 29 01 00 00 05 05 
===========================================
