===== REPORT RAW CHUNK DUMP (208 bytes) =====
08 25 c0 00 02 15 00 ae 0a 4d 1e c6 00 00 00 00 
75 18 14 05 00 00 00 00 bc 00 33 00 38 00 10 00 
00 00 06 00 00 00 f8 ff f8 ff 1c 00 f7 01 12 00 
09 00 0f 00 00 00 00 00 00 00 00 00 fa 3e fa 3e 
13 01 13 01 f4 3e 00 00 00 00 00 00 00 00 01 01 
00 00 01 01 00 00 01 01 01 00 00 00 00 00 7d 00 
7b 00 00 01 00 00 a9 00 00 00 cc 89 0c 00 01 00 
03 00 01 00 00 00 00 00 00 00 00 00 00 00 00 00 
00 00 00 00 00 00 00 00 00 00 00 00 00 00 f7 3e 
95 ff d5 ff ef 3e 00 00 00 00 07 02 02 01 04 06 
00 00 01 01 01 01 01 01 00 00 00 00 00 00 08 00 
00 00 00 00 00 00 04 00 00 00 00 00 00 00 29 00 
00 00 8f 8d 02 00 00 00 00 00 2b 01 00 00 05 05 
===========================================
