===== REPORT RAW CHUNK DUMP (208 bytes) =====
08 25 c0 00 02 15 00 d2 60 2b 93 49 00 00 00 00 
75 18 14 05 00 00 00 00 bc 00 33 00 3b 00 10 00 
00 00 06 00 00 00 f8 ff fb ff 1c 00 fa 01 12 00 
09 00 12 00 00 00 00 00 00 00 00 00 eb 3e eb 3e 
04 01 13 01 e5 3e 00 00 00 00 00 00 00 00 01 01 
00 00 01 01 00 00 01 01 01 00 00 00 00 00 b1 00 
af 00 00 01 00 00 ab 00 00 00 3c ba 00 00 01 00 
03 00 01 00 00 00 00 00 00 00 00 00 00 00 00 00 
00 00 00 00 00 00 00 00 00 00 00 00 00 00 f7 3e 
95 ff 3a ff eb 3e 00 00 00 00 07 02 02 01 04 06 
00 00 01 01 01 01 01 01 00 00 00 00 00 00 08 00 
00 00 00 00 00 00 04 00 00 00 00 00 00 00 29 00 
00 00 7c 8d 02 00 00 00 00 00 2c 01 00 00 05 05 
===========================================
