===== REPORT RAW CHUNK DUMP (208 bytes) =====
08 25 c0 00 02 15 00 c2 7b 06 96 d5 00 00 00 00 
75 18 14 05 00 00 00 00 bc 00 36 00 3b 00 10 00 
03 00 06 00 00 00 f8 ff fb ff 86 00 f7 01 12 00 
09 00 12 00 00 00 00 00 00 00 00 00 09 3f 0a 3f 
13 01 13 01 04 3f 00 00 00 00 00 00 00 00 01 01 
00 00 01 01 00 00 01 01 01 00 00 00 00 00 ca 00 
ca 00 00 01 00 00 a9 00 00 00 0c fd 20 00 01 00 
03 00 01 00 00 00 00 00 00 00 00 00 00 00 00 00 
00 00 00 00 00 00 00 00 00 00 00 00 00 00 06 3f 
95 ff cd fe 12 3f 00 00 00 00 07 02 02 01 04 06 
00 00 01 01 01 01 01 01 00 00 00 00 00 00 08 00 
00 00 00 00 00 00 04 00 00 00 00 00 00 00 29 00 
00 00 9c a2 02 00 00 00 00 00 29 01 00 00 05 05 
===========================================
