===== REPORT RAW CHUNK DUMP (208 bytes) =====
08 25 c0 00 02 15 00 ad 5d 00 fa c9 00 00 00 00 
75 18 1a 05 00 00 00 00 7c 00 0a 00 13 00 10 00 
15 00 11 00 14 00 f9 00 06 01 06 01 21 01 3d 01 
23 01 7d 3f cb 0c c5 00 c6 00 c8 00 01 00 d4 45 
3f 46 ab 46 3f 46 0a 46 0a 46 02 00 04 00 04 00 
06 00 05 00 05 00 01 01 01 00 99 02 9d 02 a1 02 
9d 02 9b 02 9b 02 00 00 00 00 00 01 00 00 96 00 
00 00 63 dc 0b 00 01 00 16 00 31 00 00 00 07 01 
01 03 03 03 04 00 01 01 01 01 01 01 01 00 08 00 
00 00 cc a2 02 00 00 00 00 00 00 00 00 00 00 00 
00 00 00 00 00 00 00 00 00 00 00 00 00 00 00 00 
00 00 00 00 00 00 00 00 00 00 00 00 00 00 00 00 
00 00 00 00 00 00 00 00 00 00 00 00 00 00 00 00 
===========================================
