===== REPORT RAW CHUNK DUMP (208 bytes) =====
08 25 c0 00 02 15 00 d3 9c dc 7d 2d 00 00 00 00 
75 18 14 05 00 00 00 00 bc 00 33 00 3b 00 10 00 
00 00 09 00 03 00 f8 ff fb ff 22 00 f7 01 12 00 
09 00 12 00 00 00 00 00 00 00 00 00 09 3f 0a 3f 
13 01 13 01 13 3f 00 00 00 00 00 00 00 00 01 01 
00 00 01 01 00 00 01 01 01 00 00 00 00 00 bb 00 
bb 00 00 01 00 00 ab 00 00 00 15 f7 01 00 01 00 
03 00 01 00 00 00 00 00 00 00 00 00 00 00 00 00 
00 00 00 00 00 00 00 00 00 00 00 00 00 00 06 3f 
94 ff 31 ff 11 3f 00 00 00 00 07 02 02 01 04 06 
00 00 01 01 01 01 01 01 00 00 00 00 00 00 08 00 
00 00 00 00 00 00 04 00 00 00 00 00 00 00 29 00 
00 00 f6 a2 02 00 00 00 00 00 29 01 00 00 05 05 
===========================================
