===== REPORT RAW CHUNK DUMP (208 bytes) =====
08 25 c0 00 02 15 00 cf a5 34 76 b8 00 00 00 00 
75 18 14 05 00 00 00 00 bc 00 36 00 38 00 10 00 
00 00 06 00 00 00 f8 ff fb ff 7a 00 f7 01 12 00 
09 00 12 00 00 00 00 00 00 00 00 00 cc 3e cc 3e 
13 01 13 01 c7 3e 00 00 00 00 00 00 00 00 01 01 
00 00 01 01 00 00 01 01 01 00 00 00 00 00 aa 00 
a9 00 00 01 00 00 aa 00 00 00 bc a0 04 00 01 00 
03 00 01 00 00 00 00 00 00 00 00 00 00 00 00 00 
00 00 00 00 00 00 00 00 00 00 00 00 00 00 d8 3e 
95 ff da fe cb 3e 00 00 00 00 07 02 02 01 04 06 
00 00 01 01 01 01 01 01 00 00 00 00 00 00 08 00 
00 00 00 00 00 00 04 00 00 00 00 00 00 00 29 00 
00 00 dd a0 02 00 00 00 00 00 29 01 00 00 05 05 
===========================================
