===== REPORT RAW CHUNK DUMP (208 bytes) =====
08 25 c0 00 02 15 00 c7 c6 2f 08 d0 00 00 00 00 
75 18 14 05 00 00 00 00 bc 00 36 00 38 00 10 00 
00 00 06 00 09 00 f8 ff fb ff 22 00 fa 01 0f 00 
09 00 0f 00 00 00 00 00 00 00 00 00 09 3f 0a 3f 
13 01 13 01 04 3f 00 00 00 00 00 00 00 00 01 01 
00 00 01 01 00 00 01 01 01 00 00 00 00 00 af 00 
ad 00 00 01 00 00 a9 00 00 00 dd 48 26 00 01 00 
03 00 01 00 00 00 00 00 00 00 00 00 00 00 00 00 
00 00 00 00 00 00 00 00 00 00 00 00 00 00 15 3f 
95 ff a0 ff 09 3f 00 00 00 00 07 02 02 01 04 06 
00 00 01 01 01 01 01 01 00 00 00 00 00 00 08 00 
00 00 00 00 00 00 04 00 00 00 00 00 00 00 29 00 
00 00 f5 fe 01 00 00 00 00 00 28 01 00 00 05 05 
===========================================
