===== REPORT RAW CHUNK DUMP (208 bytes) =====
08 25 c0 00 02 15 00 cc fe 14 02 95 00 00 00 00 
65 18 42 00 00 00 00 00 3e 00 c9 8d 1f 37 45 2f 
23 3c 6f 12 03 3b c9 8d 1f 37 45 2f 23 3c 6f 12 
03 3b c9 8d 1f 37 45 2f 23 3c 6f 12 03 3b c9 8d 
1f 37 45 2f 23 3c 6f 12 03 3b 17 b7 51 39 03 00 
6f 12 83 3a 1f 85 d4 41 00 00 00 00 00 00 00 00 
00 00 00 00 00 00 00 00 00 00 00 00 00 00 00 00 
00 00 00 00 00 00 00 00 00 00 00 00 00 00 00 00 
00 00 00 00 00 00 00 00 00 00 00 00 00 00 00 00 
00 00 00 00 00 00 00 00 00 00 00 00 00 00 00 00 
00 00 00 00 00 00 00 00 00 00 00 00 00 00 00 00 
00 00 00 00 00 00 00 00 00 00 00 00 00 00 00 00 
00 00 00 00 00 00 00 00 00 00 00 00 00 00 00 00 
===========================================
