===== REPORT RAW CHUNK DUMP (208 bytes) =====
08 25 c0 00 02 15 00 d4 34 9f 0f 68 00 00 00 00 
75 18 14 05 00 00 00 00 bc 00 33 00 38 00 10 00 
00 00 09 00 00 00 f8 ff f8 ff 22 00 f7 01 12 00 
06 00 0f 00 00 00 00 00 00 00 00 00 56 3f 56 3f 
13 01 13 01 50 3f 00 00 00 00 00 00 00 00 01 01 
00 00 01 01 00 00 01 01 01 00 00 00 00 00 73 00 
71 00 00 01 00 00 ab 00 00 00 eb 8e 02 00 01 00 
03 00 01 00 00 00 00 00 00 00 00 00 00 00 00 00 
00 00 00 00 00 00 00 00 00 00 00 00 00 00 52 3f 
95 ff 86 00 4b 3f 00 00 00 00 07 02 02 01 04 06 
00 00 01 01 01 01 01 01 00 00 00 00 00 00 08 00 
00 00 00 00 00 00 04 00 00 00 00 00 00 00 29 00 
00 00 f5 a2 02 00 00 00 00 00 28 01 00 00 05 05 
===========================================
