===== REPORT RAW CHUNK DUMP (208 bytes) =====
08 25 c0 00 02 15 00 bd 2c c5 74 c3 00 00 00 00 
75 18 14 05 2c f8 ff ff bc 00 33 00 3b 00 10 00 
00 00 06 00 03 00 f8 ff fb ff 22 00 f4 01 12 00 
09 00 12 00 00 00 00 00 00 00 00 00 9e 3e ae 3e 
13 01 13 01 a8 3e 00 00 00 00 00 00 00 00 01 01 
00 00 01 01 00 00 01 01 01 00 00 00 00 00 d7 00 
d6 00 00 01 00 00 a9 00 00 00 23 ae 1b 00 01 00 
03 00 01 00 00 00 00 00 00 00 00 00 00 00 00 00 
00 00 00 00 00 00 00 00 00 00 00 00 00 00 24 3f 
95 ff 8d ff 1c 3f 00 00 00 00 07 02 02 01 04 06 
00 00 01 01 01 01 01 01 00 00 00 00 00 00 08 00 
00 00 00 00 00 00 04 00 00 00 00 00 00 00 29 00 
00 00 f9 a2 02 00 00 00 00 00 2a 01 00 00 05 05 
===========================================
