===== REPORT RAW CHUNK DUMP (208 bytes) =====
08 25 c0 00 02 15 00 c4 66 24 3e c4 00 00 00 00 
75 18 14 05 00 00 00 00 bc 00 33 00 3b 00 10 00 
03 00 06 00 00 00 f8 ff f8 ff 86 00 f4 01 12 00 
09 00 12 00 00 00 00 00 00 00 00 00 28 3f 19 3f 
13 01 13 01 13 3f 00 00 00 00 00 00 00 00 01 01 
00 00 01 01 00 00 01 01 01 00 00 00 00 00 c8 00 
c6 00 00 01 00 00 a9 00 00 00 67 e8 22 00 01 00 
03 00 01 00 00 00 00 00 00 00 00 00 00 00 00 00 
00 00 00 00 00 00 00 00 00 00 00 00 00 00 15 3f 
95 ff 80 00 1c 3f 00 00 00 00 07 02 02 01 04 06 
00 00 01 01 01 01 01 01 00 00 00 00 00 00 08 00 
00 00 00 00 00 00 04 00 00 00 00 00 00 00 29 00 
00 00 de a2 02 00 00 00 00 00 28 01 00 00 05 05 
===========================================
