===== REPORT RAW CHUNK DUMP (208 bytes) =====
08 25 c0 00 02 15 00 d7 80 47 fd 4c 00 00 00 00 
75 18 14 05 00 00 00 00 bc 00 33 00 3b 00 10 00 
00 00 06 00 00 00 f8 ff fb ff 25 00 fa 01 12 00 
09 00 12 00 00 00 00 00 00 00 00 00 37 3f 47 3f 
13 01 13 01 41 3f 00 00 00 00 00 00 00 00 01 01 
00 00 01 01 00 00 01 01 01 00 00 00 00 00 b6 00 
b5 00 00 01 00 00 ab 00 00 00 fc da 05 00 01 00 
03 00 01 00 00 00 00 00 00 00 00 00 00 00 00 00 
00 00 00 00 00 00 00 00 00 00 00 00 00 00 43 3f 
95 ff 2e ff 43 3f 00 00 00 00 07 02 02 01 04 06 
00 00 01 01 01 01 01 01 00 00 00 00 00 00 08 00 
00 00 00 00 00 00 04 00 00 00 00 00 00 00 29 00 
00 00 b1 15 02 00 00 00 00 00 2b 01 00 00 05 05 
===========================================
