===== REPORT RAW CHUNK DUMP (208 bytes) =====
08 25 c0 00 02 15 00 ae 0a dd b0 d2 00 00 00 00 
75 18 1a 05 00 00 00 00 7c 00 63 00 6a 00 64 00 
5d 00 0f 00 0d 00 de 41 c8 41 c8 41 b0 41 ca 3a 
a3 38 5e 3f cf 0c 7f 00 80 00 81 00 01 00 b6 49 
22 4a 9f 43 0a 46 75 46 0a 46 85 06 f9 06 94 06 
1b 06 e1 00 bc 00 01 01 01 00 c0 02 c2 02 82 02 
9b 02 9d 02 9b 02 00 00 00 00 00 01 00 00 96 00 
00 00 55 8a 0c 00 01 00 16 00 31 00 00 00 07 01 
01 03 03 03 04 00 01 01 01 01 01 01 01 00 08 00 
00 00 c2 a2 02 00 00 00 00 00 00 00 00 00 00 00 
00 00 00 00 00 00 00 00 00 00 00 00 00 00 00 00 
00 00 00 00 00 00 00 00 00 00 00 00 00 00 00 00 
00 00 00 00 00 00 00 00 00 00 00 00 00 00 00 00 
===========================================
