===== REPORT RAW CHUNK DUMP (208 bytes) =====
08 25 c0 00 02 15 00 ce e7 d2 32 a1 00 00 00 00 
75 18 14 05 00 00 00 00 bc 00 33 00 38 00 10 00 
00 00 06 00 09 00 f8 ff fb ff 25 00 fa 01 0f 00 
09 00 12 00 00 00 00 00 00 00 00 00 19 3f 19 3f 
13 01 13 01 13 3f 00 00 00 00 00 00 00 00 01 01 
00 00 01 01 00 00 01 01 01 00 00 00 00 00 a7 00 
a5 00 00 01 00 00 aa 00 00 00 42 e3 03 00 01 00 
03 00 01 00 00 00 00 00 00 00 00 00 00 00 00 00 
00 00 00 00 00 00 00 00 00 00 00 00 00 00 15 3f 
95 ff 8c ff 18 3f 00 00 00 00 07 02 02 01 04 06 
00 00 01 01 01 01 01 01 00 00 00 00 00 00 08 00 
00 00 00 00 00 00 04 00 00 00 00 00 00 00 29 00 
00 00 f0 a2 02 00 00 00 00 00 2b 01 00 00 05 05 
===========================================
