===== REPORT RAW CHUNK DUMP (208 bytes) =====
08 25 c0 00 02 15 00 d6 2d 78 7f 2f 00 00 00 00 
75 18 14 05 00 00 00 00 bc 00 36 00 38 00 10 00 
00 00 06 00 03 00 f8 ff f8 ff 6e 00 fd 01 0f 00 
09 00 0f 00 00 00 00 00 00 00 00 00 eb 3e fa 3e 
04 01 13 01 f4 3e 00 00 00 00 00 00 00 00 01 01 
00 00 01 01 00 00 01 01 01 00 00 00 00 00 a5 00 
a4 00 00 01 00 00 ab 00 00 00 02 88 04 00 01 00 
03 00 01 00 00 00 00 00 00 00 00 00 00 00 00 00 
00 00 00 00 00 00 00 00 00 00 00 00 00 00 f7 3e 
95 ff e1 fe f4 3e 00 00 00 00 07 02 02 01 04 06 
00 00 01 01 01 01 01 01 00 00 00 00 00 00 08 00 
00 00 00 00 00 00 04 00 00 00 00 00 00 00 29 00 
00 00 b2 a2 02 00 00 00 00 00 2c 01 00 00 05 05 
===========================================
