===== REPORT RAW CHUNK DUMP (208 bytes) =====
08 25 c0 00 02 15 00 d8 2f 1c e9 44 00 00 00 00 
75 18 14 05 00 00 00 00 bc 00 33 00 3b 00 0d 00 
fd ff 06 00 00 00 f8 ff fb ff 68 00 fa 01 12 00 
06 00 12 00 00 00 00 00 00 00 00 00 75 3f 66 3f 
13 01 13 01 5f 3f 00 00 00 00 00 00 00 00 01 01 
00 00 01 01 00 00 01 01 01 00 00 00 00 00 87 00 
85 00 00 01 00 00 ab 00 00 00 e7 89 06 00 01 00 
03 00 01 00 00 00 00 00 00 00 00 00 00 00 00 00 
00 00 00 00 00 00 00 00 00 00 00 00 00 00 71 3f 
95 ff 8c 00 5d 3f 00 00 00 00 07 02 02 01 04 06 
00 00 01 01 01 01 01 01 00 00 00 00 00 00 08 00 
00 00 00 00 00 00 04 00 00 00 00 00 00 00 29 00 
00 00 91 a1 02 00 00 00 00 00 2a 01 00 00 05 05 
===========================================
