===== REPORT RAW CHUNK DUMP (208 bytes) =====
08 25 c0 00 02 15 00 cd 95 c1 10 94 00 00 00 00 
75 18 14 05 00 00 00 00 bc 00 33 00 38 00 10 00 
00 00 09 00 00 00 f8 ff f8 ff 25 00 fa 01 0f 00 
09 00 0f 00 00 00 00 00 00 00 00 00 65 3f 56 3f 
04 01 13 01 5f 3f 00 00 00 00 00 00 00 00 01 01 
00 00 01 01 00 00 01 01 01 00 00 00 00 00 7d 00 
7b 00 00 01 00 00 aa 00 00 00 08 91 02 00 01 00 
03 00 01 00 00 00 00 00 00 00 00 00 00 00 00 00 
00 00 00 00 00 00 00 00 00 00 00 00 00 00 62 3f 
95 ff 7f 00 57 3f 00 00 00 00 07 02 02 01 04 06 
00 00 01 01 01 01 01 01 00 00 00 00 00 00 08 00 
00 00 00 00 00 00 04 00 00 00 00 00 00 00 29 00 
00 00 0e 0b 02 00 00 00 00 00 2b 01 00 00 05 05 
===========================================
