===== REPORT RAW CHUNK DUMP (208 bytes) =====
08 25 c0 00 02 15 00 b6 a2 d8 ee c3 00 00 00 00 
75 18 14 05 00 00 00 00 bc 00 36 00 3b 00 10 00 
03 00 06 00 00 00 f8 ff fb ff 22 00 f7 01 12 00 
09 00 12 00 00 00 00 00 00 00 00 00 37 3f 38 3f 
04 01 13 01 32 3f 00 00 00 00 00 00 00 00 01 01 
00 00 01 01 00 00 01 01 01 00 00 00 00 00 f2 00 
f1 00 00 01 00 00 a9 00 00 00 67 23 15 00 01 00 
03 00 01 00 00 00 00 00 00 00 00 00 00 00 00 00 
00 00 00 00 00 00 00 00 00 00 00 00 00 00 43 3f 
94 ff 32 ff 43 3f 00 00 00 00 07 02 02 01 04 06 
00 00 01 01 01 01 01 01 00 00 00 00 00 00 08 00 
00 00 00 00 00 00 04 00 00 00 00 00 00 00 29 00 
00 00 e7 a2 02 00 00 00 00 00 2c 01 00 00 05 05 
===========================================
