===== REPORT RAW CHUNK DUMP (208 bytes) =====
08 25 c0 00 02 15 00 ba 86 a4 14 f0 00 00 00 00 
75 18 1a 05 00 00 00 00 7c 00 0a 00 13 00 10 00 
15 00 11 00 14 00 eb 00 f8 00 f8 00 13 01 2f 01 
23 01 5e 3f cb 0c d2 00 d2 00 d3 00 01 00 9e 45 
9e 45 3f 46 3f 46 3f 46 75 46 02 00 04 00 03 00 
05 00 05 00 05 00 01 01 01 00 97 02 9b 02 99 02 
9d 02 9d 02 9d 02 00 00 00 00 00 01 00 00 96 00 
00 00 a1 07 19 00 01 00 16 00 31 00 00 00 07 01 
01 03 03 03 04 00 01 01 01 01 01 01 01 00 08 00 
00 00 70 14 02 00 00 00 00 00 00 00 00 00 00 00 
00 00 00 00 00 00 00 00 00 00 00 00 00 00 00 00 
00 00 00 00 00 00 00 00 00 00 00 00 00 00 00 00 
00 00 00 00 00 00 00 00 00 00 00 00 00 00 00 00 
===========================================
