===== REPORT RAW CHUNK DUMP (208 bytes) =====
08 25 c0 00 02 15 00 ba 9c cb a0 cd 00 00 00 00 
75 18 14 05 00 00 00 00 bc 00 36 00 3b 00 10 00 
03 00 06 00 00 00 f8 ff fb ff 22 00 fa 01 12 00 
09 00 12 00 00 00 00 00 00 00 00 00 19 3f 19 3f 
13 01 13 01 13 3f 00 00 00 00 00 00 00 00 01 01 
00 00 01 01 00 00 01 01 01 00 00 00 00 00 cf 00 
cd 00 00 01 00 00 a9 00 00 00 d8 1d 19 00 01 00 
03 00 01 00 00 00 00 00 00 00 00 00 00 00 00 00 
00 00 00 00 00 00 00 00 00 00 00 00 00 00 15 3f 
95 ff 30 ff 1b 3f 00 00 00 00 07 02 02 01 04 06 
00 00 01 01 01 01 01 01 00 00 00 00 00 00 08 00 
00 00 00 00 00 00 04 00 00 00 00 00 00 00 29 00 
00 00 ec a2 02 00 00 00 00 00 2c 01 00 00 05 05 
===========================================
