===== REPORT RAW CHUNK DUMP (208 bytes) =====
08 25 c0 00 02 15 00 a6 d2 60 60 c5 00 00 00 00 
75 18 14 05 00 00 00 00 bc 00 33 00 3b 00 10 00 
00 00 09 00 03 00 f8 ff f8 ff 1c 00 f7 01 12 00 
0c 00 12 00 00 00 00 00 00 00 00 00 19 3f 28 3f 
04 01 13 01 13 3f 00 00 00 00 00 00 00 00 01 01 
00 00 01 01 00 00 01 01 01 00 00 00 00 00 e8 00 
e6 00 00 01 00 00 a9 00 00 00 fa 50 05 00 01 00 
03 00 01 00 00 00 00 00 00 00 00 00 00 00 00 00 
00 00 00 00 00 00 00 00 00 00 00 00 00 00 24 3f 
94 ff 3b ff 27 3f 00 00 00 00 07 02 02 01 04 06 
00 00 01 01 01 01 01 01 00 00 00 00 00 00 08 00 
00 00 00 00 00 00 04 00 00 00 00 00 00 00 29 00 
00 00 e3 a2 02 00 00 00 00 00 2a 01 00 00 05 05 
===========================================
