===== REPORT RAW CHUNK DUMP (208 bytes) =====
08 25 c0 00 02 15 00 c6 75 0b 80 f2 00 00 00 00 
75 18 14 05 00 00 00 00 bc 00 33 00 38 00 10 00 
03 00 06 00 00 00 f8 ff fb ff 89 00 fa 01 0f 00 
09 00 12 00 00 00 00 00 00 00 00 00 19 3f 19 3f 
13 01 13 01 13 3f 00 00 00 00 00 00 00 00 01 01 
00 00 01 01 00 00 01 01 01 00 00 00 00 00 93 00 
92 00 00 01 00 00 a9 00 00 00 90 f7 24 00 01 00 
03 00 01 00 00 00 00 00 00 00 00 00 00 00 00 00 
00 00 00 00 00 00 00 00 00 00 00 00 00 00 15 3f 
95 ff cc fe 0c 3f 00 00 00 00 07 02 02 01 04 06 
00 00 01 01 01 01 01 01 00 00 00 00 00 00 08 00 
00 00 00 00 00 00 04 00 00 00 00 00 00 00 29 00 
00 00 f6 a0 02 00 00 00 00 00 2b 01 00 00 05 05 
===========================================
