===== REPORT RAW CHUNK DUMP (208 bytes) =====
08 25 c0 00 02 15 00 d4 4b 63 75 3f 00 00 00 00 
75 18 1a 05 00 00 00 00 7c 00 30 00 3a 00 3d 00 
39 00 0f 00 0d 00 ec 41 e3 41 e3 41 cc 41 e6 3a 
21 3b 7d 3f cf 0c 6e 00 6e 00 6e 00 01 00 78 42 
ef 45 82 47 9e 45 d4 45 75 46 2a 03 d2 03 04 04 
c0 03 e2 00 c4 00 01 01 01 00 7b 02 9a 02 a9 02 
97 02 9d 02 9d 02 00 00 00 00 01 00 00 00 98 00 
00 00 af a5 02 00 01 00 16 00 31 00 00 00 07 01 
01 03 03 03 04 00 01 01 01 01 01 01 01 00 08 00 
00 00 c3 a2 02 00 00 00 00 00 00 00 00 00 00 00 
00 00 00 00 00 00 00 00 00 00 00 00 00 00 00 00 
00 00 00 00 00 00 00 00 00 00 00 00 00 00 00 00 
00 00 00 00 00 00 00 00 00 00 00 00 00 00 00 00 
===========================================
