===== REPORT RAW CHUNK DUMP (208 bytes) =====
08 25 c0 00 02 15 00 cd aa c6 c8 9a 00 00 00 00 
75 18 14 05 00 00 00 00 bc 00 30 00 38 00 0d 00 
00 00 06 00 00 00 f8 ff f8 ff 22 00 f7 01 0f 00 
09 00 0f 00 00 00 00 00 00 00 00 00 37 3f 38 3f 
04 01 13 01 32 3f 00 00 00 00 00 00 00 00 01 01 
00 00 01 01 00 00 01 01 01 00 00 00 00 00 66 00 
65 00 00 01 00 00 aa 00 00 00 10 a6 02 00 01 00 
03 00 01 00 00 00 00 00 00 00 00 00 00 00 00 00 
00 00 00 00 00 00 00 00 00 00 00 00 00 00 34 3f 
95 ff a1 ff 28 3f 00 00 00 00 07 02 02 01 04 06 
00 00 01 01 01 01 01 01 00 00 00 00 00 00 08 00 
00 00 00 00 00 00 04 00 00 00 00 00 00 00 29 00 
00 00 0e 8e 02 00 00 00 00 00 2a 01 00 00 05 05 
===========================================
