===== REPORT RAW CHUNK DUMP (208 bytes) =====
08 25 c0 00 02 15 00 cf b9 d1 a8 cc 00 00 00 00 
75 18 14 05 2c f8 ff ff bc 00 33 00 38 00 10 00 
03 00 06 00 03 00 f8 ff fb ff 89 00 fa 01 12 00 
09 00 0f 00 00 00 00 00 00 00 00 00 eb 3e eb 3e 
04 01 13 01 e5 3e 00 00 00 00 00 00 00 00 01 01 
00 00 01 01 00 00 01 01 01 00 00 00 00 00 ca 00 
c9 00 00 01 00 00 aa 00 00 00 5c b5 04 00 01 00 
03 00 01 00 00 00 00 00 00 00 00 00 00 00 00 00 
00 00 00 00 00 00 00 00 00 00 00 00 00 00 d8 3e 
95 ff 2f ff d4 3e 00 00 00 00 07 02 02 01 04 06 
00 00 01 01 01 01 01 01 00 00 00 00 00 00 08 00 
00 00 00 00 00 00 04 00 00 00 00 00 00 00 29 00 
00 00 c4 a0 02 00 00 00 00 00 29 01 00 00 05 05 
===========================================
