===== REPORT RAW CHUNK DUMP (208 bytes) =====
08 25 c0 00 02 15 00 9c e7 92 b1 ac 00 00 00 00 
75 18 14 05 00 00 00 00 bc 00 33 00 38 00 10 00 
00 00 06 00 03 00 f8 ff fb ff 1c 00 fa 01 12 00 
09 00 12 00 00 00 00 00 00 00 00 00 75 3f 75 3f 
04 01 13 01 7e 3f 00 00 00 00 00 00 00 00 01 01 
00 00 01 01 00 00 01 01 01 00 00 00 00 00 b6 00 
b3 00 00 01 00 00 a8 00 00 00 8c b2 00 00 01 00 
03 00 01 00 00 00 00 00 00 00 00 00 00 00 00 00 
00 00 00 00 00 00 00 00 00 00 00 00 00 00 80 3f 
95 ff 61 00 79 3f 00 00 00 00 07 02 02 01 04 06 
00 00 01 01 01 01 01 01 00 00 00 00 00 00 07 00 
00 00 00 00 00 00 04 00 00 00 00 00 00 00 29 00 
00 00 74 f0 01 00 00 00 00 00 29 01 00 00 05 05 
===========================================
