===== REPORT RAW CHUNK DUMP (208 bytes) =====
08 25 c0 00 02 15 00 ac b7 93 b0 cd 00 00 00 00 
75 18 1a 05 00 00 00 00 7c 00 3a 00 49 00 17 00 
13 00 0f 00 0d 00 45 41 3d 41 14 41 ef 40 85 3a 
a4 3a e1 3e cf 0c 96 00 97 00 98 00 01 00 19 43 
c7 44 68 45 3f 46 0a 46 3f 46 c9 03 c3 04 7f 01 
3b 01 e0 00 c3 00 01 01 01 00 81 02 91 02 99 02 
9f 02 9d 02 99 02 00 00 00 00 00 01 00 00 96 00 
00 00 e1 36 0b 00 01 00 16 00 31 00 00 00 07 01 
01 03 03 03 04 00 01 01 01 01 01 01 01 00 08 00 
00 00 c2 a2 02 00 00 00 00 00 00 00 00 00 00 00 
00 00 00 00 00 00 00 00 00 00 00 00 00 00 00 00 
00 00 00 00 00 00 00 00 00 00 00 00 00 00 00 00 
00 00 00 00 00 00 00 00 00 00 00 00 00 00 00 00 
===========================================
