===== REPORT RAW CHUNK DUMP (208 bytes) =====
08 25 c0 00 02 15 00 d4 34 d2 bf 49 00 00 00 00 
75 18 1a 05 00 00 00 00 7c 00 80 00 8a 00 81 00 
7e 00 0f 00 0d 00 3f 42 28 42 28 42 11 42 b5 3b 
53 3c bc 3f cf 0c 75 00 74 00 75 00 01 00 23 48 
81 49 91 44 0b 44 d4 45 ab 46 7a 08 21 09 88 08 
53 08 e5 00 c8 00 01 01 01 00 af 02 bc 02 8d 02 
88 02 99 02 a1 02 00 00 00 00 01 00 00 00 98 00 
00 00 1c 8f 02 00 01 00 16 00 31 00 00 00 07 01 
01 03 03 03 04 00 01 01 01 01 01 01 01 00 08 00 
00 00 c2 a2 02 00 00 00 00 00 00 00 00 00 00 00 
00 00 00 00 00 00 00 00 00 00 00 00 00 00 00 00 
00 00 00 00 00 00 00 00 00 00 00 00 00 00 00 00 
00 00 00 00 00 00 00 00 00 00 00 00 00 00 00 00 
===========================================
