===== REPORT RAW CHUNK DUMP (208 bytes) =====
08 25 c0 00 02 15 00 ac 1f c6 d8 d1 00 00 00 00 
75 18 1a 05 00 00 00 00 7c 00 0a 00 13 00 10 00 
15 00 11 00 14 00 de 00 f8 00 eb 00 06 01 21 01 
15 01 3f 3f cb 0c bb 00 bc 00 bd 00 01 00 3f 46 
3f 46 0a 46 3f 46 0a 46 3f 46 02 00 04 00 03 00 
05 00 04 00 05 00 01 01 01 00 9d 02 9f 02 99 02 
9d 02 9d 02 9d 02 00 00 00 00 00 01 00 00 96 00 
00 00 02 9f 0a 00 01 00 16 00 31 00 00 00 07 01 
01 03 03 03 04 00 01 01 01 01 01 01 01 00 08 00 
00 00 cd a2 02 00 00 00 00 00 00 00 00 00 00 00 
00 00 00 00 00 00 00 00 00 00 00 00 00 00 00 00 
00 00 00 00 00 00 00 00 00 00 00 00 00 00 00 00 
00 00 00 00 00 00 00 00 00 00 00 00 00 00 00 00 
===========================================
