===== REPORT RAW CHUNK DUMP (208 bytes) =====
08 25 c0 00 02 15 00 ae 0a 6c 18 b1 00 00 00 00 
75 18 1a 05 00 00 00 00 7c 00 35 00 40 00 3c 00 
38 00 0e 00 0d 00 a6 41 90 41 9e 41 79 41 99 3b 
95 38 3f 3f cf 0c 7d 00 7d 00 7e 00 01 00 4b 49 
15 49 5a 46 c7 44 16 47 3f 46 7a 03 32 04 ef 03 
aa 03 d5 00 bc 00 01 01 01 00 bc 02 b8 02 9e 02 
8f 02 9f 02 9d 02 00 00 00 00 00 01 00 00 96 00 
00 00 e3 89 0c 00 01 00 16 00 31 00 00 00 07 01 
01 03 03 03 04 00 01 01 01 01 01 01 01 00 08 00 
00 00 70 8d 02 00 00 00 00 00 00 00 00 00 00 00 
00 00 00 00 00 00 00 00 00 00 00 00 00 00 00 00 
00 00 00 00 00 00 00 00 00 00 00 00 00 00 00 00 
00 00 00 00 00 00 00 00 00 00 00 00 00 00 00 00 
===========================================
