===== REPORT RAW CHUNK DUMP (208 bytes) =====
08 25 c0 00 02 15 00 d0 3b 09 d0 8c 00 00 00 00 
75 18 1a 05 00 00 00 00 7c 00 18 00 22 00 27 00 
22 00 0f 00 0d 00 a6 41 90 41 9e 41 87 41 ed 39 
43 3a 5e 3f cb 0c af 00 b0 00 b1 00 01 00 d4 45 
82 47 84 43 68 45 9e 45 3f 46 93 01 3a 02 8f 02 
3a 02 de 00 c1 00 01 01 01 00 99 02 ab 02 85 02 
93 02 97 02 97 02 78 2f 7b b5 01 00 00 00 97 00 
00 00 a0 36 05 00 01 00 16 00 31 00 00 00 07 01 
01 03 03 03 04 00 01 01 01 01 01 01 01 00 08 00 
00 00 e0 a2 02 00 00 00 00 00 00 00 00 00 00 00 
00 00 00 00 00 00 00 00 00 00 00 00 00 00 00 00 
00 00 00 00 00 00 00 00 00 00 00 00 00 00 00 00 
00 00 00 00 00 00 00 00 00 00 00 00 00 00 00 00 
===========================================
