===== REPORT RAW CHUNK DUMP (208 bytes) =====
08 25 c0 00 02 15 00 ab 64 68 ea cc 00 00 00 00 
75 18 1a 05 00 00 00 00 7c 00 25 01 2b 01 3c 01 
3d 01 31 01 5e 01 f3 0a 20 0b 20 0b 19 0b 19 0b 
11 0b bc 3f cf 0c b4 00 b2 00 b4 00 01 00 57 0b 
57 0b 57 0b 57 0b 57 0b 57 0b 35 03 53 03 83 03 
84 03 62 03 df 03 01 01 01 00 6f 00 6f 00 6f 00 
6f 00 6f 00 6f 00 00 00 00 00 00 01 00 00 96 00 
00 00 8d e3 09 00 01 00 16 00 31 00 00 00 07 01 
01 03 03 03 04 00 01 01 01 01 01 01 01 00 08 00 
00 00 cd a2 02 00 00 00 00 00 00 00 00 00 00 00 
00 00 00 00 00 00 00 00 00 00 00 00 00 00 00 00 
00 00 00 00 00 00 00 00 00 00 00 00 00 00 00 00 
00 00 00 00 00 00 00 00 00 00 00 00 00 00 00 00 
===========================================
