===== REPORT RAW CHUNK DUMP (208 bytes) =====
08 25 c0 00 02 15 00 cd ab 04 96 94 00 00 00 00 
75 18 1c 05 2f f8 ff ff 6c 00 c4 09 e7 b6 f1 8f 
4e 40 2d 5b cc 41 74 d1 35 41 d0 21 35 41 d0 21 
35 41 a5 ba 34 41 a5 ba 34 41 88 f1 35 41 9f 93 
69 3f 6d 26 70 3f a7 6e 6a 3f 10 eb 6d 3f b4 26 
69 3f 99 40 6f 3f 05 00 00 3e 00 00 00 00 00 00 
00 00 00 00 00 00 d0 2f 7b b5 00 00 00 00 00 00 
00 00 00 00 00 00 00 00 00 00 00 00 00 00 00 00 
00 00 00 00 00 00 00 00 00 00 00 00 00 00 00 00 
00 00 00 00 00 00 00 00 00 00 00 00 00 00 00 00 
00 00 00 00 00 00 00 00 00 00 00 00 00 00 00 00 
00 00 00 00 00 00 00 00 00 00 00 00 00 00 00 00 
00 00 00 00 00 00 00 00 00 00 00 00 00 00 00 00 
===========================================
