===== REPORT RAW CHUNK DUMP (208 bytes) =====
08 25 c0 00 02 15 00 b9 f8 1b 7a b0 00 00 00 00 
75 18 14 05 00 00 00 00 bc 00 33 00 38 00 10 00 
00 00 06 00 00 00 f8 ff fb ff 22 00 f7 01 12 00 
09 00 12 00 00 00 00 00 00 00 00 00 eb 3e dc 3e 
04 01 13 01 d6 3e 00 00 00 00 00 00 00 00 01 01 
00 00 01 01 00 00 01 01 01 00 00 00 00 00 93 00 
91 00 00 01 00 00 a9 00 00 00 14 79 18 00 01 00 
03 00 01 00 00 00 00 00 00 00 00 00 00 00 00 00 
00 00 00 00 00 00 00 00 00 00 00 00 00 00 e7 3e 
95 ff 34 02 dd 3e 00 00 00 00 07 02 02 01 04 06 
00 00 01 01 01 01 01 01 00 00 00 00 00 00 08 00 
00 00 00 00 00 00 04 00 00 00 00 00 00 00 29 00 
00 00 c2 8a 00 00 00 00 00 00 2c 01 00 00 05 05 
===========================================
