===== REPORT RAW CHUNK DUMP (208 bytes) =====
08 25 c0 00 02 15 00 c5 1f d0 ee b7 00 00 00 00 
75 18 14 05 00 00 00 00 bc 00 33 00 3b 00 10 00 
00 00 09 00 03 00 f8 ff f8 ff 89 00 fa 01 12 00 
fd ff 12 00 00 00 00 00 00 00 00 00 84 3f 75 3f 
04 01 13 01 6f 3f 00 00 00 00 00 00 00 00 01 01 
00 00 01 01 00 00 01 01 01 00 00 00 00 00 de 00 
dc 00 00 01 00 00 a9 00 00 00 2b a2 23 00 01 00 
03 00 01 00 00 00 00 00 00 00 00 00 00 00 00 00 
00 00 00 00 00 00 00 00 00 00 00 00 00 00 80 3f 
95 ff 81 00 80 3f 00 00 00 00 07 02 02 01 04 06 
00 00 01 01 01 01 01 01 00 00 00 00 00 00 08 00 
00 00 00 00 00 00 04 00 00 00 00 00 00 00 29 00 
00 00 1a e9 01 00 00 00 00 00 2b 01 00 00 05 05 
===========================================
