===== REPORT RAW CHUNK DUMP (208 bytes) =====
08 25 c0 00 02 15 00 d2 f9 98 b9 4e 00 00 00 00 
75 18 14 05 00 00 00 00 bc 00 33 00 38 00 0d 00 
00 00 09 00 00 00 f8 ff f8 ff 2b 00 f7 01 0f 00 
09 00 12 00 00 00 00 00 00 00 00 00 75 3f 75 3f 
13 01 13 01 6f 3f 00 00 00 00 00 00 00 00 01 01 
00 00 01 01 00 00 01 01 01 00 00 00 00 00 66 00 
65 00 00 01 00 00 ab 00 00 00 bc 53 01 00 01 00 
03 00 01 00 00 00 00 00 00 00 00 00 00 00 00 00 
00 00 00 00 00 00 00 00 00 00 00 00 00 00 71 3f 
95 ff 77 00 61 3f 00 00 00 00 07 02 02 01 04 06 
00 00 01 01 01 01 01 01 00 00 00 00 00 00 08 00 
00 00 00 00 00 00 04 00 00 00 00 00 00 00 29 00 
00 00 db a0 02 00 00 00 00 00 2a 01 00 00 05 05 
===========================================
