===== REPORT RAW CHUNK DUMP (208 bytes) =====
08 25 c0 00 02 15 00 bb 34 cd c8 e4 00 00 00 00 
75 18 1a 05 00 00 00 00 7c 00 1b 01 1f 01 64 01 
63 01 53 01 5a 01 dd 09 ef 09 0b 0a f8 09 13 0a 
09 0a 7d 3f cf 0c 89 00 88 00 8b 00 01 00 80 0a 
80 0a 80 0a 80 0a 80 0a 80 0a ca 02 d9 02 93 03 
89 03 6a 03 78 03 01 01 01 00 60 00 60 00 60 00 
60 00 60 00 60 00 00 00 00 00 00 01 00 00 96 00 
00 00 e0 b5 19 00 01 00 16 00 31 00 00 00 07 01 
01 03 03 03 04 00 01 01 01 01 01 01 01 00 08 00 
00 00 c3 a2 02 00 00 00 00 00 00 00 00 00 00 00 
00 00 00 00 00 00 00 00 00 00 00 00 00 00 00 00 
00 00 00 00 00 00 00 00 00 00 00 00 00 00 00 00 
00 00 00 00 00 00 00 00 00 00 00 00 00 00 00 00 
===========================================
