===== REPORT RAW CHUNK DUMP (208 bytes) =====
08 25 c0 00 02 15 00 c5 20 47 28 d1 00 00 00 00 
75 18 14 05 00 00 00 00 bc 00 36 00 3b 00 10 00 
03 00 09 00 00 00 f8 ff f8 ff 25 00 fa 01 12 00 
0c 00 12 00 00 00 00 00 00 00 00 00 37 3f 47 3f 
04 01 13 01 41 3f 00 00 00 00 00 00 00 00 01 01 
00 00 01 01 00 00 01 01 01 00 00 00 00 00 dc 00 
db 00 00 01 00 00 a9 00 00 00 a2 a2 23 00 01 00 
03 00 01 00 00 00 00 00 00 00 00 00 00 00 00 00 
00 00 00 00 00 00 00 00 00 00 00 00 00 00 43 3f 
94 ff 31 ff 45 3f 00 00 00 00 07 02 02 01 04 06 
00 00 01 01 01 01 01 01 00 00 00 00 00 00 08 00 
00 00 00 00 00 00 04 00 00 00 00 00 00 00 29 00 
00 00 a3 e8 01 00 00 00 00 00 2c 01 00 00 05 05 
===========================================
