===== REPORT RAW CHUNK DUMP (208 bytes) =====
08 25 c0 00 02 15 00 d6 f3 19 9f 3f 00 00 00 00 
75 18 14 05 00 00 00 00 bc 00 2a 00 3b 00 0d 00 
00 00 06 00 03 00 f8 ff fb ff 22 00 fa 01 12 00 
09 00 0f 00 00 00 00 00 00 00 00 00 84 3f 75 3f 
13 01 13 01 7e 3f 00 00 00 00 00 00 00 00 01 01 
00 00 01 01 00 00 01 01 01 00 00 00 00 00 96 00 
95 00 00 01 00 00 ab 00 00 00 bc 4d 05 00 01 00 
03 00 01 00 00 00 00 00 00 00 00 00 00 00 00 00 
00 00 00 00 00 00 00 00 00 00 00 00 00 00 80 3f 
95 ff 92 00 73 3f 00 00 00 00 07 02 02 01 04 06 
00 00 01 01 01 01 01 01 00 00 00 00 00 00 08 00 
00 00 00 00 00 00 04 00 00 00 00 00 00 00 29 00 
00 00 f1 a2 02 00 00 00 00 00 29 01 00 00 05 05 
===========================================
