===== REPORT RAW CHUNK DUMP (208 bytes) =====
08 25 c0 00 02 15 00 c5 1f e5 ea d4 00 00 00 00 
75 18 14 05 2c f8 ff ff bc 00 33 00 38 00 10 00 
03 00 06 00 00 00 f8 ff fb ff 86 00 fa 01 12 00 
09 00 12 00 00 00 00 00 00 00 00 00 47 3f 56 3f 
04 01 13 01 50 3f 00 00 00 00 00 00 00 00 01 01 
00 00 01 01 00 00 01 01 01 00 00 00 00 00 e1 00 
dd 00 00 01 00 00 a9 00 00 00 41 a2 23 00 01 00 
03 00 01 00 00 00 00 00 00 00 00 00 00 00 00 00 
00 00 00 00 00 00 00 00 00 00 00 00 00 00 71 3f 
94 ff 0e 00 74 3f 00 00 00 00 07 02 02 01 04 06 
00 00 01 01 01 01 01 01 00 00 00 00 00 00 08 00 
00 00 00 00 00 00 04 00 00 00 00 00 00 00 29 00 
00 00 0a e9 01 00 00 00 00 00 2a 01 00 00 05 05 
===========================================
