===== REPORT RAW CHUNK DUMP (208 bytes) =====
08 25 c0 00 02 15 00 b3 59 11 d0 d0 00 00 00 00 
75 18 14 05 00 00 00 00 bc 00 33 00 38 00 0d 00 
00 00 09 00 00 00 f8 ff f8 ff 19 00 f7 01 12 00 
09 00 12 00 00 00 00 00 00 00 00 00 19 3f 19 3f 
04 01 13 01 22 3f 00 00 00 00 00 00 00 00 01 01 
00 00 01 01 00 00 01 01 01 00 00 00 00 00 aa 00 
a7 00 00 01 00 00 a9 00 00 00 39 d9 11 00 01 00 
03 00 01 00 00 00 00 00 00 00 00 00 00 00 00 00 
00 00 00 00 00 00 00 00 00 00 00 00 00 00 15 3f 
95 ff ec ff 17 3f 00 00 00 00 07 02 02 01 04 06 
00 00 01 01 01 01 01 01 00 00 00 00 00 00 08 00 
00 00 00 00 00 00 04 00 00 00 00 00 00 00 29 00 
00 00 b7 a1 02 00 00 00 00 00 2b 01 00 00 05 05 
===========================================
