===== REPORT RAW CHUNK DUMP (208 bytes) =====
08 25 c0 00 02 15 00 9c e8 95 ef 8e 00 00 00 00 
75 18 14 05 00 00 00 00 bc 00 33 00 3b 00 0d 00 
03 00 09 00 00 00 f8 ff f8 ff 1c 00 f4 01 12 00 
09 00 15 00 00 00 00 00 00 00 00 00 84 3f 84 3f 
04 01 13 01 7e 3f 00 00 00 00 00 00 00 00 01 01 
00 00 01 01 00 00 01 01 01 00 00 00 00 00 be 00 
bb 00 00 01 00 00 a8 00 00 00 8f b3 00 00 01 00 
03 00 01 00 00 00 00 00 00 00 00 00 00 00 00 00 
00 00 00 00 00 00 00 00 00 00 00 00 00 00 80 3f 
95 ff 5b 00 7b 3f 00 00 00 00 07 02 02 01 04 06 
00 00 01 01 01 01 01 01 00 00 00 00 00 00 07 00 
00 00 00 00 00 00 04 00 00 00 00 00 00 00 29 00 
00 00 c2 a2 02 00 00 00 00 00 29 01 00 00 05 05 
===========================================
