===== REPORT RAW CHUNK DUMP (208 bytes) =====
08 25 c0 00 02 15 00 ae 0a aa 10 c9 00 00 00 00 
75 18 14 05 00 00 00 00 bc 00 33 00 38 00 10 00 
fd ff 09 00 fa ff f8 ff f8 ff 1c 00 f4 01 12 00 
06 00 12 00 00 00 00 00 00 00 00 00 19 3f 19 3f 
04 01 13 01 13 3f 00 00 00 00 00 00 00 00 01 01 
00 00 01 01 00 00 01 01 01 00 00 00 00 00 7f 00 
7d 00 00 01 00 00 a9 00 00 00 29 8a 0c 00 01 00 
03 00 01 00 00 00 00 00 00 00 00 00 00 00 00 00 
00 00 00 00 00 00 00 00 00 00 00 00 00 00 15 3f 
95 ff 81 00 0a 3f 00 00 00 00 07 02 02 01 04 06 
00 00 01 01 01 01 01 01 00 00 00 00 00 00 08 00 
00 00 00 00 00 00 04 00 00 00 00 00 00 00 29 00 
00 00 f6 a2 02 00 00 00 00 00 28 01 00 00 05 05 
===========================================
