===== REPORT RAW CHUNK DUMP (208 bytes) =====
08 25 c0 00 02 15 00 b9 f8 73 78 be 00 00 00 00 
75 18 1a 05 00 00 00 00 7c 00 0a 01 0c 01 2c 01 
27 01 0f 00 0c 00 23 42 0d 42 0d 42 f5 41 0c 3f 
1f 40 7d 3f cf 0c 9d 00 9e 00 9e 00 01 00 75 46 
78 42 fd 44 22 4a 9e 45 9e 45 97 11 b3 11 d0 13 
75 13 f2 00 c4 00 01 01 01 00 9d 02 79 02 91 02 
c0 02 91 02 9b 02 00 00 00 00 00 01 00 00 96 00 
00 00 60 79 18 00 01 00 16 00 31 00 00 00 07 01 
01 03 03 03 04 00 01 01 01 01 01 01 01 00 08 00 
00 00 b1 a2 02 00 00 00 00 00 00 00 00 00 00 00 
00 00 00 00 00 00 00 00 00 00 00 00 00 00 00 00 
00 00 00 00 00 00 00 00 00 00 00 00 00 00 00 00 
00 00 00 00 00 00 00 00 00 00 00 00 00 00 00 00 
===========================================
