===== REPORT RAW CHUNK DUMP (208 bytes) =====
08 25 c0 00 02 15 00 ad 5d 0b 50 b7 00 00 00 00 
75 18 1a 05 00 00 00 00 7c 00 0a 00 13 00 11 00 
15 00 11 00 14 00 f9 00 06 01 06 01 21 01 3d 01 
23 01 5e 3f cb 0c c5 00 c5 00 c7 00 01 00 75 46 
3f 46 75 46 9e 45 3f 46 3f 46 02 00 04 00 04 00 
06 00 05 00 05 00 01 01 01 00 9d 02 9f 02 9f 02 
9d 02 99 02 a9 02 00 00 00 00 00 01 00 00 96 00 
00 00 6d dc 0b 00 01 00 16 00 31 00 00 00 07 01 
01 03 03 03 04 00 01 01 01 01 01 01 01 00 08 00 
00 00 c2 a2 02 00 00 00 00 00 00 00 00 00 00 00 
00 00 00 00 00 00 00 00 00 00 00 00 00 00 00 00 
00 00 00 00 00 00 00 00 00 00 00 00 00 00 00 00 
00 00 00 00 00 00 00 00 00 00 00 00 00 00 00 00 
===========================================
