===== REPORT RAW CHUNK DUMP (208 bytes) =====
08 25 c0 00 02 15 00 ac b6 f8 b8 c6 00 00 00 00 
75 18 14 05 00 00 00 00 bc 00 33 00 3b 00 10 00 
00 00 06 00 00 00 f8 ff f8 ff 1c 00 f7 01 12 00 
09 00 12 00 00 00 00 00 00 00 00 00 9e 3e 9e 3e 
13 01 13 01 a8 3e 00 00 00 00 00 00 00 00 01 01 
00 00 01 01 00 00 01 01 01 00 00 00 00 00 93 00 
93 00 00 01 00 00 a9 00 00 00 4e 36 0b 00 01 00 
03 00 01 00 00 00 00 00 00 00 00 00 00 00 00 00 
00 00 00 00 00 00 00 00 00 00 00 00 00 00 aa 3e 
95 ff 6d ff a2 3e 00 00 00 00 07 02 02 01 04 06 
00 00 01 01 01 01 01 01 00 00 00 00 00 00 08 00 
00 00 00 00 00 00 04 00 00 00 00 00 00 00 29 00 
00 00 88 0b 02 00 00 00 00 00 2a 01 00 00 05 05 
===========================================
