===== REPORT RAW CHUNK DUMP (208 bytes) =====
08 25 c0 00 02 15 00 ba 9c 8d 8e cc 00 00 00 00 
75 18 1a 05 00 00 00 00 7c 00 0a 00 14 00 11 00 
14 00 11 00 15 00 8d 04 5f 04 7b 04 5d 04 94 04 
8e 04 20 3f c3 0c dc 00 dc 00 dd 00 01 00 0a 46 
b8 47 3f 46 3f 46 d4 45 75 46 0b 00 16 00 13 00 
16 00 13 00 18 00 01 01 01 00 9b 02 ab 02 9d 02 
9d 02 99 02 9f 02 00 00 00 00 00 01 00 00 96 00 
00 00 8e 1d 19 00 01 00 16 00 31 00 00 00 07 01 
01 03 03 03 04 00 01 01 01 01 01 01 01 00 08 00 
00 00 3d 8d 02 00 00 00 00 00 00 00 00 00 00 00 
00 00 00 00 00 00 00 00 00 00 00 00 00 00 00 00 
00 00 00 00 00 00 00 00 00 00 00 00 00 00 00 00 
00 00 00 00 00 00 00 00 00 00 00 00 00 00 00 00 
===========================================
