===== REPORT RAW CHUNK DUMP (208 bytes) =====
08 25 c0 00 02 15 00 aa b6 1f f0 d1 00 00 00 00 
75 18 1a 05 00 00 00 00 7c 00 0a 00 13 00 10 00 
15 00 11 00 14 00 d0 00 dd 00 dd 00 f8 00 21 01 
f9 00 01 3f cf 0c 98 00 98 00 99 00 01 00 3f 46 
3f 46 75 46 3f 46 0a 46 68 45 02 00 04 00 03 00 
05 00 04 00 04 00 01 01 01 00 9d 02 9d 02 9f 02 
9d 02 9b 02 9b 02 00 00 00 00 00 01 00 00 96 00 
00 00 2f 35 09 00 01 00 16 00 31 00 00 00 07 01 
01 03 03 03 04 00 01 01 01 01 01 01 01 00 08 00 
00 00 56 50 01 00 00 00 00 00 00 00 00 00 00 00 
00 00 00 00 00 00 00 00 00 00 00 00 00 00 00 00 
00 00 00 00 00 00 00 00 00 00 00 00 00 00 00 00 
00 00 00 00 00 00 00 00 00 00 00 00 00 00 00 00 
===========================================
