===== REPORT RAW CHUNK DUMP (208 bytes) =====
08 25 c0 00 02 15 00 d6 42 d2 21 4b 00 00 00 00 
75 18 14 05 00 00 00 00 bc 00 33 00 3b 00 10 00 
00 00 06 00 03 00 f8 ff f8 ff 22 00 fd 01 12 00 
06 00 12 00 00 00 00 00 00 00 00 00 37 3f 38 3f 
04 01 13 01 32 3f 00 00 00 00 00 00 00 00 01 01 
00 00 01 01 00 00 01 01 01 00 00 00 00 00 c0 00 
be 00 00 01 00 00 ab 00 00 00 5e 9d 04 00 01 00 
03 00 01 00 00 00 00 00 00 00 00 00 00 00 00 00 
00 00 00 00 00 00 00 00 00 00 00 00 00 00 34 3f 
95 ff 4a 00 35 3f 00 00 00 00 07 02 02 01 04 06 
00 00 01 01 01 01 01 01 00 00 00 00 00 00 08 00 
00 00 00 00 00 00 04 00 00 00 00 00 00 00 29 00 
00 00 56 8d 02 00 00 00 00 00 2b 01 00 00 05 05 
===========================================
