===== REPORT RAW CHUNK DUMP (208 bytes) =====
08 25 c0 00 02 15 00 d8 2d d2 f3 3f 00 00 00 00 
75 18 1a 05 00 00 00 00 7c 00 18 00 23 00 21 00 
1d 00 0f 00 0d 00 d0 41 ba 41 ba 41 a2 41 01 3b 
5f 3a 7d 3f cf 0c 8e 00 8d 00 8e 00 01 00 75 46 
fd 44 b6 49 91 44 3f 46 3f 46 94 01 4c 02 2b 02 
e7 01 e2 00 c2 00 01 01 01 00 9f 02 91 02 be 02 
8d 02 9d 02 9d 02 00 00 00 00 01 00 00 00 98 00 
00 00 99 88 06 00 01 00 16 00 31 00 00 00 07 01 
01 03 03 03 04 00 01 01 01 01 01 01 01 00 08 00 
00 00 dc a2 02 00 00 00 00 00 00 00 00 00 00 00 
00 00 00 00 00 00 00 00 00 00 00 00 00 00 00 00 
00 00 00 00 00 00 00 00 00 00 00 00 00 00 00 00 
00 00 00 00 00 00 00 00 00 00 00 00 00 00 00 00 
===========================================
