===== REPORT RAW CHUNK DUMP (208 bytes) =====
08 25 c0 00 02 15 00 b5 4f 9c fe d6 00 00 00 00 
75 18 14 05 00 00 00 00 bc 00 33 00 3b 00 10 00 
00 00 06 00 00 00 f8 ff f8 ff 22 00 f7 01 12 00 
09 00 12 00 00 00 00 00 00 00 00 00 fa 3e 0a 3f 
04 01 13 01 04 3f 00 00 00 00 00 00 00 00 01 01 
00 00 01 01 00 00 01 01 01 00 00 00 00 00 cd 00 
cb 00 00 01 00 00 a9 00 00 00 02 d0 13 00 01 00 
03 00 01 00 00 00 00 00 00 00 00 00 00 00 00 00 
00 00 00 00 00 00 00 00 00 00 00 00 00 00 06 3f 
95 ff 32 ff 0c 3f 00 00 00 00 07 02 02 01 04 06 
00 00 01 01 01 01 01 01 00 00 00 00 00 00 08 00 
00 00 00 00 00 00 04 00 00 00 00 00 00 00 29 00 
00 00 f4 a2 02 00 00 00 00 00 2a 01 00 00 05 05 
===========================================
