===== REPORT RAW CHUNK DUMP (208 bytes) =====
00 01 01 00 00 01 01 00 00 01 01 01 00 00 00 00 
00 00 00 00 00 00 00 00 00 00 00 00 00 00 00 00 
00 00 00 00 00 00 00 00 00 00 00 00 00 00 00 00 
00 00 00 00 00 00 00 00 00 00 00 00 00 00 00 00 
00 00 c4 09 c4 09 c4 09 c4 09 c4 09 c4 09 c4 09 
c4 09 c4 09 c4 09 c4 09 c4 09 c4 09 c4 09 c4 09 
c4 09 c4 09 c4 09 c4 09 c4 09 c4 09 c4 09 c4 09 
c4 09 c4 09 c4 09 34 00 38 00 0d 00 00 00 07 00 
00 00 00 00 00 00 31 00 f8 01 0f 00 08 00 0f 00 
00 00 00 00 00 3f 00 00 00 00 00 00 00 00 03 00 
a0 41 d8 40 f4 33 c8 32 00 32 01 00 00 00 32 00 
00 01 00 00 00 00 2c 01 00 00 3c 00 00 00 3c 00 
00 00 05 05 00 00 00 00 00 00 02 00 00 00 00 00 
===========================================
