===== REPORT RAW CHUNK DUMP (208 bytes) =====
08 25 c0 00 02 15 00 c7 22 24 bc cb 00 00 00 00 
75 18 14 05 2c f8 ff ff bc 00 33 00 38 00 10 00 
00 00 06 00 00 00 f8 ff fb ff 22 00 fa 01 12 00 
09 00 12 00 00 00 00 00 00 00 00 00 37 3f 38 3f 
13 01 13 01 32 3f 00 00 00 00 00 00 00 00 01 01 
00 00 01 01 00 00 01 01 01 00 00 00 00 00 a7 00 
a7 00 00 01 00 00 a9 00 00 00 bf a4 25 00 01 00 
03 00 01 00 00 00 00 00 00 00 00 00 00 00 00 00 
00 00 00 00 00 00 00 00 00 00 00 00 00 00 43 3f 
95 ff 06 00 3b 3f 00 00 00 00 07 02 02 01 04 06 
00 00 01 01 01 01 01 01 00 00 00 00 00 00 08 00 
00 00 00 00 00 00 04 00 00 00 00 00 00 00 29 00 
00 00 39 0b 02 00 00 00 00 00 2c 01 00 00 05 05 
===========================================
