===== REPORT RAW CHUNK DUMP (208 bytes) =====
08 25 c0 00 02 15 00 b1 57 04 fa c3 00 00 00 00 
75 18 14 05 2c f8 ff ff bc 00 33 00 3b 00 10 00 
00 00 06 00 00 00 f8 ff fb ff 1c 00 fa 01 12 00 
09 00 12 00 00 00 00 00 00 00 00 00 cc 3e cc 3e 
13 01 13 01 d6 3e 00 00 00 00 00 00 00 00 01 01 
00 00 01 01 00 00 01 01 01 00 00 00 00 00 e6 00 
e5 00 00 01 00 00 a9 00 00 00 ec d6 0f 00 01 00 
03 00 01 00 00 00 00 00 00 00 00 00 00 00 00 00 
00 00 00 00 00 00 00 00 00 00 00 00 00 00 d8 3e 
94 ff 3a ff dd 3e 00 00 00 00 07 02 02 01 04 06 
00 00 01 01 01 01 01 01 00 00 00 00 00 00 08 00 
00 00 00 00 00 00 04 00 00 00 00 00 00 00 29 00 
00 00 e7 a2 02 00 00 00 00 00 29 01 00 00 05 05 
===========================================
