===== REPORT RAW CHUNK DUMP (208 bytes) =====
08 25 c0 00 02 15 00 ba 9c e0 4c ca 00 00 00 00 
75 18 17 05 00 00 00 00 90 00 14 00 1a 00 17 00 
17 00 0f 00 15 00 0f 00 15 00 14 00 00 00 00 00 
00 00 00 00 f9 03 00 00 00 00 00 00 00 00 ce 0c 
11 3f cf 00 00 00 00 00 00 00 00 00 00 00 00 00 
00 00 00 01 00 00 82 00 00 00 e7 1d 19 00 01 00 
03 00 00 00 00 00 00 00 00 00 00 00 00 00 00 00 
00 00 00 00 07 02 02 04 00 00 00 00 01 01 01 01 
00 00 00 00 00 00 08 00 00 00 00 00 00 00 00 00 
00 00 00 00 00 00 00 00 00 00 d7 a2 02 00 00 00 
00 00 00 00 00 00 05 05 00 00 00 00 00 00 00 00 
00 00 00 00 00 00 00 00 00 00 00 00 00 00 00 00 
00 00 00 00 00 00 00 00 00 00 00 00 00 00 00 00 
===========================================
