===== REPORT RAW CHUNK DUMP (208 bytes) =====
08 25 c0 00 02 15 00 b0 1a 70 08 bf 00 00 00 00 
75 18 14 05 00 00 00 00 bc 00 33 00 3b 00 0d 00 
00 00 06 00 00 00 fb ff fb ff 19 00 f7 01 12 00 
09 00 12 00 00 00 00 00 00 00 00 00 dc 3e dc 3e 
13 01 13 01 e5 3e 00 00 00 00 00 00 00 00 01 01 
00 00 01 01 00 00 01 01 01 00 00 00 00 00 cd 00 
cc 00 00 01 00 00 a9 00 00 00 30 9a 0e 00 01 00 
03 00 01 00 00 00 00 00 00 00 00 00 00 00 00 00 
00 00 00 00 00 00 00 00 00 00 00 00 00 00 e7 3e 
95 ff 39 ff e5 3e 00 00 00 00 07 02 02 01 04 06 
00 00 01 01 01 01 01 01 00 00 00 00 00 00 08 00 
00 00 00 00 00 00 04 00 00 00 00 00 00 00 29 00 
00 00 74 8b 02 00 00 00 00 00 28 01 00 00 05 05 
===========================================
