===== REPORT RAW CHUNK DUMP (208 bytes) =====
08 25 c0 00 02 15 00 d3 9d 05 cb 69 00 00 00 00 
75 18 1a 05 00 00 00 00 7c 00 0a 00 13 00 10 00 
15 00 11 00 14 00 01 02 d6 01 ff 01 0c 02 43 02 
d8 01 3f 3f cb 0c b6 00 b7 00 b9 00 01 00 75 46 
0a 46 3f 46 0a 46 75 46 9e 45 05 00 08 00 08 00 
0b 00 09 00 09 00 01 01 01 00 9d 02 99 02 9f 02 
97 02 9b 02 99 02 00 00 00 00 01 00 00 00 98 00 
00 00 3c f7 01 00 01 00 16 00 31 00 00 00 07 01 
01 03 03 03 04 00 01 01 01 01 01 01 01 00 08 00 
00 00 cd a2 02 00 00 00 00 00 00 00 00 00 00 00 
00 00 00 00 00 00 00 00 00 00 00 00 00 00 00 00 
00 00 00 00 00 00 00 00 00 00 00 00 00 00 00 00 
00 00 00 00 00 00 00 00 00 00 00 00 00 00 00 00 
===========================================
