===== REPORT RAW CHUNK DUMP (208 bytes) =====
08 25 c0 00 02 15 00 ac b7 6a 58 d4 00 00 00 00 
75 18 14 05 00 00 00 00 bc 00 33 00 38 00 0d 00 
00 00 06 00 00 00 f8 ff fb ff 1c 00 f7 01 0f 00 
09 00 0f 00 00 00 00 00 00 00 00 00 9e 3e 9e 3e 
13 01 13 01 a8 3e 00 00 00 00 00 00 00 00 01 01 
00 00 01 01 00 00 01 01 01 00 00 00 00 00 98 00 
96 00 00 01 00 00 a9 00 00 00 bf 36 0b 00 01 00 
03 00 01 00 00 00 00 00 00 00 00 00 00 00 00 00 
00 00 00 00 00 00 00 00 00 00 00 00 00 00 aa 3e 
95 ff 88 ff 9d 3e 00 00 00 00 07 02 02 01 04 06 
00 00 01 01 01 01 01 01 00 00 00 00 00 00 08 00 
00 00 00 00 00 00 04 00 00 00 00 00 00 00 29 00 
00 00 ec a2 02 00 00 00 00 00 2b 01 00 00 05 05 
===========================================
