===== REPORT RAW CHUNK DUMP (208 bytes) =====
08 25 c0 00 02 15 00 ba 87 01 28 cf 00 00 00 00 
75 18 1a 05 00 00 00 00 7c 00 0a 00 13 00 10 00 
15 00 11 00 14 00 f9 00 06 01 f8 00 13 01 3d 01 
23 01 5e 3f cb 0c cd 00 cc 00 ce 00 01 00 ab 46 
3f 46 0a 46 75 46 75 46 ab 46 02 00 04 00 03 00 
05 00 05 00 05 00 01 01 01 00 a3 02 9f 02 9f 02 
9d 02 9f 02 9f 02 00 00 00 00 00 01 00 00 96 00 
00 00 fe 07 19 00 01 00 16 00 31 00 00 00 07 01 
01 03 03 03 04 00 01 01 01 01 01 01 01 00 08 00 
00 00 cd a2 02 00 00 00 00 00 00 00 00 00 00 00 
00 00 00 00 00 00 00 00 00 00 00 00 00 00 00 00 
00 00 00 00 00 00 00 00 00 00 00 00 00 00 00 00 
00 00 00 00 00 00 00 00 00 00 00 00 00 00 00 00 
===========================================
