===== REPORT RAW CHUNK DUMP (208 bytes) =====
08 25 c0 00 02 15 00 ad f5 1c 7e c6 00 00 00 00 
75 18 1a 05 00 00 00 00 7c 00 0e 00 19 00 18 00 
13 00 0f 00 0d 00 7d 41 75 41 75 41 5d 41 31 3c 
57 39 3f 3f cf 0c 7a 00 7b 00 7c 00 01 00 3f 46 
08 48 3f 46 3f 46 3f 46 0a 46 ea 00 a2 01 92 01 
3d 01 e7 00 be 00 01 01 01 00 a1 02 ac 02 9d 02 
a1 02 91 02 9b 02 00 00 00 00 00 01 00 00 96 00 
00 00 91 74 0c 00 01 00 16 00 31 00 00 00 07 01 
01 03 03 03 04 00 01 01 01 01 01 01 01 00 08 00 
00 00 c2 a2 02 00 00 00 00 00 00 00 00 00 00 00 
00 00 00 00 00 00 00 00 00 00 00 00 00 00 00 00 
00 00 00 00 00 00 00 00 00 00 00 00 00 00 00 00 
00 00 00 00 00 00 00 00 00 00 00 00 00 00 00 00 
===========================================
