===== REPORT RAW CHUNK DUMP (208 bytes) =====
08 25 c0 00 02 15 00 ab 64 01 aa d4 00 00 00 00 
75 18 1a 05 00 00 00 00 7c 00 d0 00 d8 00 c4 00 
cb 00 c1 00 f7 00 f7 10 e7 10 1e 11 07 11 07 11 
24 11 bc 3f cb 0c aa 00 aa 00 ac 00 01 00 38 11 
1d 11 38 11 53 11 1d 11 53 11 87 03 a6 03 5a 03 
74 03 49 03 3b 04 01 01 01 00 a3 00 a3 00 a3 00 
a3 00 a3 00 a3 00 00 00 00 00 00 01 00 00 96 00 
00 00 26 e3 09 00 01 00 16 00 31 00 00 00 07 01 
01 03 03 03 04 00 01 01 01 01 01 01 01 00 08 00 
00 00 3c 0b 02 00 00 00 00 00 00 00 00 00 00 00 
00 00 00 00 00 00 00 00 00 00 00 00 00 00 00 00 
00 00 00 00 00 00 00 00 00 00 00 00 00 00 00 00 
00 00 00 00 00 00 00 00 00 00 00 00 00 00 00 00 
===========================================
