===== REPORT RAW CHUNK DUMP (208 bytes) =====
08 25 c0 00 02 15 00 d2 49 58 25 3b 00 00 00 00 
75 18 14 05 00 00 00 00 bc 00 36 00 3b 00 13 00 
00 00 06 00 00 00 f8 ff fb ff 19 00 fa 01 12 00 
0c 00 12 00 00 00 00 00 00 00 00 00 84 3f 75 3f 
13 01 13 01 6f 3f 00 00 00 00 00 00 00 00 01 01 
00 00 01 01 00 00 01 01 01 00 00 00 00 00 ac 00 
ac 00 00 01 00 00 ab 00 00 00 66 a3 00 00 01 00 
03 00 01 00 00 00 00 00 00 00 00 00 00 00 00 00 
00 00 00 00 00 00 00 00 00 00 00 00 00 00 71 3f 
95 ff 4c 01 71 3f 00 00 00 00 07 02 02 01 04 06 
00 00 01 01 01 01 01 01 00 00 00 00 00 00 08 00 
00 00 00 00 00 00 04 00 00 00 00 00 00 00 29 00 
00 00 b6 fe 01 00 00 00 00 00 2a 01 00 00 05 05 
===========================================
