===== REPORT RAW CHUNK DUMP (208 bytes) =====
08 25 c0 00 02 15 00 c9 03 c5 f8 c5 00 00 00 00 
75 18 14 05 00 00 00 00 bc 00 36 00 38 00 10 00 
03 00 06 00 00 00 f8 ff f8 ff 8f 00 fa 01 12 00 
09 00 12 00 00 00 00 00 00 00 00 00 cc 3e cc 3e 
13 01 13 01 c7 3e 00 00 00 00 00 00 00 00 01 01 
00 00 01 01 00 00 01 01 01 00 00 00 00 00 9b 00 
99 00 00 01 00 00 a9 00 00 00 9c 86 27 00 01 00 
03 00 01 00 00 00 00 00 00 00 00 00 00 00 00 00 
00 00 00 00 00 00 00 00 00 00 00 00 00 00 d8 3e 
95 ff c4 fe cc 3e 00 00 00 00 07 02 02 01 04 06 
00 00 01 01 01 01 01 01 00 00 00 00 00 00 08 00 
00 00 00 00 00 00 04 00 00 00 00 00 00 00 29 00 
00 00 88 a2 02 00 00 00 00 00 2b 01 00 00 05 05 
===========================================
