===== REPORT RAW CHUNK DUMP (208 bytes) =====
08 25 c0 00 02 15 00 cf a5 19 f8 b7 00 00 00 00 
75 18 1a 05 00 00 00 00 7c 00 0a 00 13 00 11 00 
15 00 11 00 15 00 de 00 eb 00 eb 00 f8 00 21 01 
07 01 01 3f cf 0c a7 00 a7 00 a9 00 01 00 3f 46 
ab 46 ab 46 3f 46 3f 46 0a 46 02 00 04 00 03 00 
05 00 04 00 05 00 01 01 01 00 9b 02 9f 02 9b 02 
99 02 9d 02 9b 02 78 2f 7b b5 01 00 00 00 97 00 
00 00 9e a0 04 00 01 00 16 00 31 00 00 00 07 01 
01 03 03 03 04 00 01 01 01 01 01 01 01 00 08 00 
00 00 f9 a0 02 00 00 00 00 00 00 00 00 00 00 00 
00 00 00 00 00 00 00 00 00 00 00 00 00 00 00 00 
00 00 00 00 00 00 00 00 00 00 00 00 00 00 00 00 
00 00 00 00 00 00 00 00 00 00 00 00 00 00 00 00 
===========================================
