===== REPORT RAW CHUNK DUMP (208 bytes) =====
08 25 c0 00 02 15 00 ab 64 0b fc bb 00 00 00 00 
75 18 1a 05 00 00 00 00 7c 00 d8 00 e0 00 d0 00 
d6 00 cc 00 02 01 88 10 78 10 a2 10 98 10 a6 10 
b5 10 bc 3f cb 0c ac 00 ab 00 ad 00 01 00 cd 10 
e7 10 cd 10 e7 10 e7 10 e7 10 92 03 b0 03 75 03 
8d 03 65 03 4f 04 01 01 01 00 a3 00 a3 00 a3 00 
a3 00 a3 00 a3 00 00 00 00 00 00 01 00 00 96 00 
00 00 30 e3 09 00 01 00 16 00 31 00 00 00 07 01 
01 03 03 03 04 00 01 01 01 01 01 01 01 00 08 00 
00 00 32 0b 02 00 00 00 00 00 00 00 00 00 00 00 
00 00 00 00 00 00 00 00 00 00 00 00 00 00 00 00 
00 00 00 00 00 00 00 00 00 00 00 00 00 00 00 00 
00 00 00 00 00 00 00 00 00 00 00 00 00 00 00 00 
===========================================
