===== REPORT RAW CHUNK DUMP (208 bytes) =====
08 25 c0 00 02 15 00 cc fe 8d cc ae 00 00 00 00 
75 18 14 05 00 00 00 00 bc 00 33 00 38 00 10 00 
00 00 06 00 03 00 f8 ff f8 ff 2b 00 fa 01 12 00 
09 00 12 00 00 00 00 00 00 00 00 00 42 3e 43 3e 
04 01 13 01 3d 3e 00 00 00 00 00 00 00 00 01 01 
00 00 01 01 00 00 01 01 01 00 00 00 00 00 b6 00 
b5 00 00 01 00 00 aa 00 00 00 c2 f9 01 00 01 00 
03 00 01 00 00 00 00 00 00 00 00 00 00 00 00 00 
00 00 00 00 00 00 00 00 00 00 00 00 00 00 3f 3e 
95 ff 29 ff 43 3e 00 00 00 00 07 02 02 01 04 06 
00 00 01 01 01 01 01 01 00 00 00 00 00 00 08 00 
00 00 00 00 00 00 04 00 00 00 00 00 00 00 29 00 
00 00 54 a2 02 00 00 00 00 00 28 01 00 00 05 05 
===========================================
