===== REPORT RAW CHUNK DUMP (208 bytes) =====
08 25 c0 00 02 15 00 b9 f8 f7 40 c5 00 00 00 00 
75 18 1a 05 00 00 00 00 7c 00 1b 01 1c 01 5a 01 
51 01 0f 00 0c 00 06 40 44 40 60 40 20 40 4b 3e 
cc 3f bc 3f cf 0c aa 00 aa 00 aa 00 01 00 a1 41 
86 41 86 41 86 41 a1 41 a1 41 1e 12 40 12 46 16 
9c 15 ef 00 c3 00 01 01 01 00 6f 02 6f 02 6f 02 
6f 02 6f 02 6f 02 00 00 00 00 00 01 00 00 96 00 
00 00 e3 79 18 00 01 00 16 00 31 00 00 00 07 01 
01 03 03 03 04 00 01 01 01 01 01 01 01 00 08 00 
00 00 2e a2 02 00 00 00 00 00 00 00 00 00 00 00 
00 00 00 00 00 00 00 00 00 00 00 00 00 00 00 00 
00 00 00 00 00 00 00 00 00 00 00 00 00 00 00 00 
00 00 00 00 00 00 00 00 00 00 00 00 00 00 00 00 
===========================================
