===== REPORT RAW CHUNK DUMP (208 bytes) =====
08 25 c0 00 02 15 00 be 96 a6 78 bf 00 00 00 00 
75 18 14 05 00 00 00 00 bc 00 33 00 3b 00 10 00 
00 00 09 00 00 00 f8 ff f8 ff 25 00 fa 01 12 00 
09 00 12 00 00 00 00 00 00 00 00 00 dc 3e dc 3e 
13 01 13 01 d6 3e 00 00 00 00 00 00 00 00 01 01 
00 00 01 01 00 00 01 01 01 00 00 00 00 00 ca 00 
c9 00 00 01 00 00 a9 00 00 00 31 18 1d 00 01 00 
03 00 01 00 00 00 00 00 00 00 00 00 00 00 00 00 
00 00 00 00 00 00 00 00 00 00 00 00 00 00 d8 3e 
94 ff 2f ff df 3e 00 00 00 00 07 02 02 01 04 06 
00 00 01 01 01 01 01 01 00 00 00 00 00 00 08 00 
00 00 00 00 00 00 04 00 00 00 00 00 00 00 29 00 
00 00 e5 38 01 00 00 00 00 00 2b 01 00 00 05 05 
===========================================
