===== REPORT RAW CHUNK DUMP (208 bytes) =====
08 25 c0 00 02 15 00 bb 34 5c 32 c6 00 00 00 00 
75 18 1a 05 00 00 00 00 7c 00 1a 00 25 00 1f 00 
1a 00 0f 00 0d 00 98 41 90 41 82 41 6b 41 12 37 
12 39 3f 3f cf 0c 7a 00 7c 00 7d 00 01 00 26 44 
90 46 e3 42 22 4a e1 46 3f 46 b4 01 6d 02 07 02 
b3 01 d3 00 bd 00 01 01 01 00 8b 02 a0 02 7b 02 
c0 02 9f 02 a3 02 00 00 00 00 00 01 00 00 96 00 
00 00 6e b5 19 00 01 00 16 00 31 00 00 00 07 01 
01 03 03 03 04 00 01 01 01 01 01 01 01 00 08 00 
00 00 49 0b 02 00 00 00 00 00 00 00 00 00 00 00 
00 00 00 00 00 00 00 00 00 00 00 00 00 00 00 00 
00 00 00 00 00 00 00 00 00 00 00 00 00 00 00 00 
00 00 00 00 00 00 00 00 00 00 00 00 00 00 00 00 
===========================================
