===== REPORT RAW CHUNK DUMP (208 bytes) =====
08 25 c0 00 02 15 00 d6 2d 15 91 3b 00 00 00 00 
75 18 14 05 00 00 00 00 bc 00 36 00 38 00 10 00 
00 00 06 00 03 00 f8 ff f8 ff 56 00 fa 01 12 00 
09 00 12 00 00 00 00 00 00 00 00 00 fa 3e 0a 3f 
13 01 13 01 04 3f 00 00 00 00 00 00 00 00 01 01 
00 00 01 01 00 00 01 01 01 00 00 00 00 00 a7 00 
a5 00 00 01 00 00 ab 00 00 00 9f 87 04 00 01 00 
03 00 01 00 00 00 00 00 00 00 00 00 00 00 00 00 
00 00 00 00 00 00 00 00 00 00 00 00 00 00 06 3f 
95 ff fe fe 03 3f 00 00 00 00 07 02 02 01 04 06 
00 00 01 01 01 01 01 01 00 00 00 00 00 00 08 00 
00 00 00 00 00 00 04 00 00 00 00 00 00 00 29 00 
00 00 28 fd 01 00 00 00 00 00 2b 01 00 00 05 05 
===========================================
