===== REPORT RAW CHUNK DUMP (208 bytes) =====
08 25 c0 00 02 15 00 c5 1f f3 20 cb 00 00 00 00 
75 18 14 05 00 00 00 00 bc 00 36 00 3b 00 10 00 
00 00 06 00 00 00 f5 ff fb ff 86 00 fa 01 12 00 
09 00 12 00 00 00 00 00 00 00 00 00 47 3f 47 3f 
13 01 13 01 32 3f 00 00 00 00 00 00 00 00 01 01 
00 00 01 01 00 00 01 01 01 00 00 00 00 00 e1 00 
dd 00 00 01 00 00 a9 00 00 00 4e a2 23 00 01 00 
03 00 01 00 00 00 00 00 00 00 00 00 00 00 00 00 
00 00 00 00 00 00 00 00 00 00 00 00 00 00 43 3f 
94 ff cf fe 48 3f 00 00 00 00 07 02 02 01 04 06 
00 00 01 01 01 01 01 01 00 00 00 00 00 00 08 00 
00 00 00 00 00 00 04 00 00 00 00 00 00 00 29 00 
00 00 f7 e8 01 00 00 00 00 00 2b 01 00 00 05 05 
===========================================
