===== REPORT RAW CHUNK DUMP (208 bytes) =====
08 25 c0 00 02 15 00 ad 72 85 bc bf 00 00 00 00 
75 18 17 05 92 ff ff ff 90 00 17 00 1d 00 1a 00 
17 00 0c 00 12 00 0f 00 15 00 14 00 00 00 00 00 
00 00 00 00 ea 03 00 00 00 00 00 00 00 00 ce 0c 
11 3f ac 00 00 00 00 00 00 00 00 00 00 00 00 00 
00 00 00 01 00 00 82 00 00 00 ec f1 0b 00 01 00 
03 00 00 00 00 00 00 00 00 00 00 00 00 00 00 00 
00 00 00 00 07 02 02 04 00 00 00 00 01 01 01 01 
00 00 00 00 00 00 08 00 00 00 00 00 00 00 00 00 
00 00 00 00 00 00 00 00 00 00 e1 a2 02 00 00 00 
00 00 00 00 00 00 05 05 00 00 00 00 00 00 00 00 
00 00 00 00 00 00 00 00 00 00 00 00 00 00 00 00 
00 00 00 00 00 00 00 00 00 00 00 00 00 00 00 00 
===========================================
