===== REPORT RAW CHUNK DUMP (208 bytes) =====
08 25 c0 00 02 15 00 d8 2e 53 ad 49 00 00 00 00 
75 18 14 05 00 00 00 00 bc 00 30 00 38 00 10 00 
00 00 06 00 06 00 f8 ff fb ff 28 00 f7 01 0f 00 
09 00 0f 00 00 00 00 00 00 00 00 00 47 3f 47 3f 
13 01 13 01 41 3f 00 00 00 00 00 00 00 00 01 01 
00 00 01 01 00 00 01 01 01 00 00 00 00 00 87 00 
86 00 00 01 00 00 ab 00 00 00 1e 89 06 00 01 00 
03 00 01 00 00 00 00 00 00 00 00 00 00 00 00 00 
00 00 00 00 00 00 00 00 00 00 00 00 00 00 43 3f 
95 ff e9 ff 3b 3f 00 00 00 00 07 02 02 01 04 06 
00 00 01 01 01 01 01 01 00 00 00 00 00 00 08 00 
00 00 00 00 00 00 04 00 00 00 00 00 00 00 29 00 
00 00 5a a2 02 00 00 00 00 00 2b 01 00 00 05 05 
===========================================
