===== REPORT RAW CHUNK DUMP (208 bytes) =====
08 25 c0 00 02 15 00 9c e9 09 61 8e 00 00 00 00 
75 18 14 05 00 00 00 00 bc 00 33 00 3b 00 10 00 
03 00 09 00 00 00 f8 ff fb ff 16 00 fa 01 12 00 
09 00 12 00 00 00 00 00 00 00 00 00 84 3f 75 3f 
04 01 13 01 7e 3f 00 00 00 00 00 00 00 00 01 01 
00 00 01 01 00 00 01 01 01 00 00 00 00 00 c3 00 
c1 00 00 01 00 00 a8 00 00 00 03 b4 00 00 01 00 
03 00 01 00 00 00 00 00 00 00 00 00 00 00 00 00 
00 00 00 00 00 00 00 00 00 00 00 00 00 00 80 3f 
95 ff 58 00 7c 3f 00 00 00 00 07 02 02 01 04 06 
00 00 01 01 01 01 01 01 00 00 00 00 00 00 07 00 
00 00 00 00 00 00 04 00 00 00 00 00 00 00 29 00 
00 00 4e a2 02 00 00 00 00 00 29 01 00 00 05 05 
===========================================
