RASSVET-3 1             
1 68360U 26061A   26111.89572089  .00090842  16939-5  33991-3 0  9991
2 68360  82.2954  75.7070 0019278 324.3715  35.6267 15.87467051  4639
RASSVET-3 2             
1 68361U 26061B   26111.92785887  .00119120  39341-5  36706-3 0  9998
2 68361  82.2972  75.5947 0020645 322.2905  37.6919 15.91290425  4640
RASSVET-3 3             
1 68362U 26061C   26111.92674074  .00117266  38119-5  35019-3 0  9991
2 68362  82.2972  75.5926 0019629 321.8074  38.1806 15.91933166  4647
RASSVET-3 4             
1 68363U 26061D   26111.92727627  .00148889  69061-5  43645-3 0  9994
2 68363  82.2978  75.5966 0020310 320.7906  39.1894 15.92278444  4649
RASSVET-3 5             
1 68364U 26061E   26111.42377859 -.01832112  91004-3 -59691-2 0  9997
2 68364  82.2970  76.1652 0019741 323.1056  36.8856 15.90474930  4569
RASSVET-3 6             
1 68365U 26061F   26111.61050249  .00102326  25982-5  31632-3 0  9994
2 68365  82.2978  75.9473 0020185 324.7092  35.2842 15.91235861  4597
RASSVET-3 7             
1 68366U 26061G   26111.86347968  .00111313  32669-5  35099-3 0  9996
2 68366  82.2968  75.6631 0020206 322.5231  37.4631 15.90854439  4637
RASSVET-3 8             
1 68367U 26061H   26111.86300703  .00122642  43010-5  35960-3 0  9999
2 68367  82.2974  75.6631 0019914 320.0153  39.9652 15.92278008  4639
RASSVET-3 9             
1 68368U 26061J   26111.86302097  .00073211  69536-6  28615-3 0  9996
2 68368  82.2966  75.6600 0015992 325.4770  34.5460 15.86657048  4639
RASSVET-3 10            
1 68369U 26061K   26111.92587082  .00120120  40732-5  35376-3 0  9993
2 68369  82.2971  75.5921 0019844 320.1151  39.8663 15.92194492  4646
RASSVET-3 11            
1 68370U 26061L   26111.92523543  .00115781  37019-5  34092-3 0  9992
2 68370  82.2976  75.5911 0019627 319.9767  40.0058 15.92203451  4648
RASSVET-3 12            
1 68371U 26061M   26111.92192784  .00118402  39105-5  35294-3 0  9998
2 68371  82.2984  75.5849 0019551 322.8127  37.1790 15.91971363  4640
RASSVET-3 13            
1 68372U 26061N   26111.92754547 -.00673870  13536-3 -25092-2 0  9999
2 68372  82.2971  75.5932 0017419 321.7946  38.2089 15.87745079  4649
RASSVET-3 14            
1 68373U 26061P   26111.85826762 -.00357119  40489-4 -11396-2 0  9996
2 68373  82.2962  75.6549 0017551 320.1148  39.8833 15.90799205  4636
RASSVET-3 15            
1 68374U 26061Q   26111.92663713  .00078601  97773-6  30231-3 0  9994
2 68374  82.2970  75.5918 0014931 321.2616  38.7583 15.87021766  4643
RASSVET-3 16            
1 68375U 26061R   26111.85787761  .00064985  00000+0  32117-3 0  9992
2 68375  82.2967  75.8157 0015555 332.8501  27.1951 15.81652550  4626
SUPERVIEW NEO-2 OBJECT A
1 68377U 26062A   26111.39313701  .00002031  00000+0  98274-4 0  9994
2 68377  97.4408 119.5053 0002631  43.1102 317.0338 15.19714263  4022
SUPERVIEW NEO-2 OBJECT B
1 68378U 26062B   26110.99806870  .00002195  00000+0  10595-3 0  9994
2 68378  97.4395 119.1221 0001620  87.4083 272.7337 15.19724745  3961
CZ-2D R/B               
1 68379U 26062C   26111.98405118  .00007810  00000+0  24952-3 0  9996
2 68379  97.4976 120.5642 0050246 326.1187  33.6847 15.31502958  4141
STARLINK-36296          
1 68380U 26063A   26110.56376086  .00162144  00000+0  10651-2 0  9995
2 68380  97.2865 252.5730 0001078  95.0668 265.0721 15.75241029  4247
STARLINK-37111          
1 68381U 26063B   26110.37670222  .00135047  00000+0  89157-3 0  9994
2 68381  97.2862 252.2100 0000263  79.9755 280.1540 15.75202088  4201
STARLINK-36946          
1 68382U 26063C   26110.54989794  .00254167  00000+0  12846-2 0  9996
2 68382  97.2846 252.4336 0000514  47.9158 312.2154 15.80896430  4235
STARLINK-37121          
1 68383U 26063D   26110.57151396  .00083906  00000+0  55769-3 0  9992
2 68383  97.2871 252.4040 0001401  61.4389 298.7017 15.75198470  4238
STARLINK-37137          
1 68384U 26063E   26110.59163637  .00226818  00000+0  14769-2 0  9991
2 68384  97.2853 252.3762 0002439  11.3253 348.8067 15.75260532  4236
STARLINK-37128          
1 68385U 26063F   26111.91668981 -.00054867  00000+0 -36862-3 0  9995
2 68385  97.2858 253.8677 0000873 121.8425  61.1132 15.75236141  5363
STARLINK-37198          
1 68386U 26063G   26110.57575501  .00211479  00000+0  13801-2 0  9991
2 68386  97.2862 252.3978 0001568  50.0933 310.0469 15.75254158  4238
STARLINK-37223          
1 68387U 26063H   26111.91668981 -.00059487  00000+0 -40026-3 0  9997
2 68387  97.2857 253.8720 0001253  96.2521  98.7205 15.75217549  5412
STARLINK-37203          
1 68388U 26063J   26109.84907098  .00448612  00000+0  22118-2 0  9993
2 68388  97.2841 251.7032 0000959   8.2437 351.8847 15.80940298  4122
STARLINK-37197          
1 68389U 26063K   26110.58528338  .00196561  00000+0  12857-2 0  9995
2 68389  97.2855 252.3841 0002903  18.6488 341.4883 15.75239790  4234
STARLINK-37193          
1 68390U 26063L   26110.65694087  .00253031  00000+0  16423-2 0  9999
2 68390  97.2859 252.7459 0002349  92.3987 267.7547 15.75262811  4266
STARLINK-37216          
1 68391U 26063M   26110.36894022  .00170532  00000+0  11203-2 0  9994
2 68391  97.2860 252.2209 0001316  59.8177 300.3218 15.75215149  4204
STARLINK-37215          
1 68392U 26063N   26111.91668981 -.00048944  00000+0 -32863-3 0  9999
2 68392  97.2860 253.8619 0001196  91.1164  79.8416 15.75226319  5411
STARLINK-37184          
1 68393U 26063P   26110.54166604 -.00260680  00000+0 -14191-2 0  9999
2 68393  97.2840 252.4449 0001297  52.2629 307.8757 15.80537113  4236
STARLINK-37157          
1 68394U 26063Q   26110.64104802  .00159301  00000+0  10475-2 0  9999
2 68394  97.2864 252.4617 0001488  95.7417 264.4018 15.75225513  4240
STARLINK-37172          
1 68395U 26063R   26110.63293005  .00295249  00000+0  19042-2 0  9994
2 68395  97.2864 252.4732 0001601  96.6580 263.4868 15.75292543  4246
STARLINK-37190          
1 68396U 26063S   26109.65390989  .00313040  00000+0  15726-2 0  9999
2 68396  97.2846 251.5079 0002018 103.0075 257.1419 15.80878781  4091
STARLINK-37194          
1 68397U 26063T   26111.91668981 -.00042517  00000+0 -28522-3 0  9991
2 68397  97.2860 253.8763 0001320 113.1885  93.7721 15.75220288  5413
STARLINK-37220          
1 68398U 26063U   26110.00003472 -.00254439  00000+0 -17483-2 0  9990
2 68398  97.2860 251.8413 0001563  73.7098  15.8879 15.75293295  5103
STARLINK-37187          
1 68399U 26063V   26110.66447598  .00216498  00000+0  10978-2 0  9997
2 68399  97.2847 252.5835 0002927 110.9639 249.1943 15.80921362  4253
STARLINK-36235          
1 68400U 26063W   26111.91668981 -.00059122  00000+0 -39769-3 0  9991
2 68400  97.2856 253.8869 0001530  85.8096 145.1586 15.75221614  5417
STARLINK-37175          
1 68401U 26063X   26110.05729657  .00121043  00000+0  79969-3 0  9990
2 68401  97.2864 251.8781 0001080  66.5940 293.5439 15.75226332  4159
STARLINK-36360          
1 68402U 26063Y   26111.91668981 -.00053091  00000+0 -35691-3 0  9992
2 68402  97.2860 253.8811 0001500 115.9510 103.0207 15.75214130  5412
STARLINK-37218          
1 68403U 26063Z   26109.58384476  .00290782  00000+0  14656-2 0  9992
2 68403  97.2853 251.4519 0000657   9.0322 351.0958 15.80862608  4085
STARLINK-37188          
1 68404U 26063AA  26110.66071945  .00174918  00000+0  89318-3 0  9998
2 68404  97.2849 252.5889 0001594  79.6931 280.4517 15.80878687  4252
SHIYAN-33               
1 68405U 26064A   26111.96856898  .00004330  00000+0  18453-3 0  9994
2 68405  97.4634 187.7799 0015319 140.0137 220.2231 15.23383582  3938
LPNTSAT-001 (IOD-1)     
1 68408U 26065A   26110.61211112  .00001871  00000+0  94120-4 0  9996
2 68408  97.4094 352.3251 0016404 199.4886 160.5723 15.18344825  3527
LPNTSAT-002 (IOD-2)     
1 68409U 26065B   26110.61126967  .00005725  00000+0  28032-3 0  9990
2 68409  97.4076 352.3227 0013547 193.5721 166.5151 15.18480466  3500
XINZHENGCHENG-01        
1 68412U 26066A   26111.95715972  .00000390  00000+0  38543-4 0  9995
2 68412  84.9632 263.5161 0027646  89.6164 270.8227 14.88355415  3362
2026-066C               
1 68414U 26066C   26111.95515649  .00000818  00000+0  84173-4 0  9991
2 68414  84.9631 263.5142 0028252  90.3706 270.0755 14.88521463  3363
2026-066D               
1 68415U 26066D   26111.88902138  .00001316  00000+0  13769-3 0  9993
2 68415  84.9630 263.5580 0027623  90.4130 270.0258 14.88442267  3353
TRANSPORTER-16 OBJECT A 
1 68416U 26067A   26110.85027999  .00005809  00000+0  28308-3 0  9990
2 68416  97.4511  70.1962 0004163 102.2527 257.9174 15.18716374  3249
JACK-002                
1 68417U 26067B   26110.85111499  .00005429  00000+0  26526-3 0  9998
2 68417  97.4532  70.2002 0004011 104.3660 255.8020 15.18650506  3243
OPTISAT                 
1 68418U 26067C   26111.11575418  .00003944  00000+0  19425-3 0  9994
2 68418  97.4550  70.4639 0004006 114.7465 245.4186 15.18540897  3287
TRANSPORTER-16 OBJECT D 
1 68419U 26067D   26110.65432402  .00004696  00000+0  23061-3 0  9994
2 68419  97.4507  69.9980 0003564  97.2080 262.9560 15.18549113  3211
ERMIS-2                 
1 68420U 26067E   26110.85147036  .00008188  00000+0  39798-3 0  9998
2 68420  97.4452  70.1805 0003645  87.6051 272.5600 15.18681472  3243
TRANSPORTER-16 OBJECT F 
1 68421U 26067F   26110.85445293  .00003522  00000+0  17470-3 0  9995
2 68421  97.4482  70.1834 0002974  89.7674 270.3901 15.18368603  3245
TRANSPORTER-16 OBJECT G 
1 68422U 26067G   26110.85487611  .00005941  00000+0  29245-3 0  9996
2 68422  97.4446  70.1737 0002874  87.2901 272.8662 15.18358301  3248
TRANSPORTER-16 OBJECT H 
1 68423U 26067H   26110.85564848  .00004278  00000+0  21190-3 0  9998
2 68423  97.4469  70.1783 0002633  97.3922 262.7611 15.18297453  3245
SPACEVAN-002            
1 68424U 26067J   26110.86302808  .00004906  00000+0  24608-3 0  9991
2 68424  97.4488  70.1731 0000814 166.9751 193.1504 15.17784760  3241
ERMIS-3                 
1 68425U 26067K   26110.85684202  .00004050  00000+0  20128-3 0  9995
2 68425  97.4554  70.1989 0002648 125.9600 234.1880 15.18212500  3248
TRANSPORTER-16 OBJECT L 
1 68426U 26067L   26110.85474411  .00009204  00000+0  44953-3 0  9993
2 68426  97.4513  70.1917 0002857 129.6223 230.5264 15.18477518  3247
TRANSPORTER-16 OBJECT M 
1 68427U 26067M   26110.78973185  .00007207  00000+0  35387-3 0  9990
2 68427  97.4515  70.1258 0002710 129.2818 230.8657 15.18369954  3234
OUT OF THE BOX (OOTB)   
1 68428U 26067N   26110.85874197  .00003297  00000+0  16519-3 0  9993
2 68428  97.4536  70.1924 0002177 138.4094 221.7306 15.18061758  3245
TRANSPORTER-16 OBJECT P 
1 68429U 26067P   26110.85946938  .00010077  00000+0  49645-3 0  9997
2 68429  97.4482  70.1746 0001842 172.4965 187.6297 15.18151628  3246
TRANSPORTER-16 OBJECT Q 
1 68430U 26067Q   26110.85662212  .00005539  00000+0  27353-3 0  9998
2 68430  97.4469  70.1772 0002161 104.5895 255.5579 15.18273973  3241
DISCO-2                 
1 68431U 26067R   26110.85761331  .00004878  00000+0  24177-3 0  9997
2 68431  97.4569  70.2023 0002706 145.0119 215.1293 15.18209162  3241
TRANSPORTER-16 OBJECT S 
1 68432U 26067S   26110.86073270  .00004559  00000+0  22784-3 0  9995
2 68432  97.4523  70.1875 0001762 168.2524 191.8751 15.17948570  3245
T.MICROSAT-2            
1 68433U 26067T   26110.81014713  .00004035  00000+0  20853-3 0  9992
2 68433  97.4538  70.1051 0003822 257.7956 102.2849 15.16840127  3231
TRANSPORTER-16 OBJECT U 
1 68434U 26067U   26110.85691547  .00003314  00000+0  16543-3 0  9993
2 68434  97.4546  70.1970 0002682 128.2951 231.8524 15.18190151  3248
ION SCV-019 (ASTOUNDIN*)
1 68435U 26067V   26110.86446634  .00002433  00000+0  12425-3 0  9996
2 68435  97.4514  70.1798 0001085 204.4326 155.6856 15.17634746  3244
HAWK-14B                
1 68436U 26067W   26111.06342942  .00003004  00000+0  15269-3 0  9991
2 68436  97.4512  70.3725 0001098 205.4667 154.6512 15.17623760  3273
TRANSPORTER-16 OBJECT X 
1 68437U 26067X   26110.72909174  .00009812  00000+0  48458-3 0  9999
2 68437  97.4476  70.0411 0001137 176.3453 183.7790 15.18073408  3220
TRANSPORTER-16 OBJECT Y 
1 68438U 26067Y   26110.86093676  .00013669  00000+0  67214-3 0  9992
2 68438  97.4493  70.1768 0001461 197.2577 162.8607 15.18141060  3242
TRANSPORTER-16 OBJECT Z 
1 68439U 26067Z   26110.86345685  .00011865  00000+0  58775-3 0  9991
2 68439  97.4488  70.1724 0000508 198.4117 161.7099 15.17917806  3244
TRANSPORTER-16 OBJECT AA
1 68440U 26067AA  26110.86257352  .00016221  00000+0  79861-3 0  9996
2 68440  97.4487  70.1730 0000625 194.6185 165.5031 15.18058112  3240
HAWK-14C                
1 68441U 26067AB  26110.86603266  .00003003  00000+0  15200-3 0  9997
2 68441  97.4456  70.1575 0000794 290.8422  69.2727 15.17769065  3241
TRANSPORTER-16 OBJECT AC
1 68442U 26067AC  26110.80593169  .00004371  00000+0  22364-3 0  9990
2 68442  97.4506  70.1021 0002470 268.0716  92.0235 15.17151470  3232
TRANSPORTER-16 OBJECT AD
1 68443U 26067AD  26110.67485029  .00003831  00000+0  19681-3 0  9999
2 68443  97.4514  69.9737 0002685 273.5042  86.5885 15.17080112  3214
TRANSPORTER-16 OBJECT AE
1 68444U 26067AE  26110.85733610  .00004676  00000+0  23200-3 0  9992
2 68444  97.4539  70.1948 0002411 132.5413 227.6025 15.18194227  3244
TRANSPORTER-16 OBJECT AF
1 68445U 26067AF  26110.80882603  .00003301  00000+0  17082-3 0  9990
2 68445  97.4484  70.0923 0003199 282.3867  77.7009 15.16920525  3238
HADES-SA (SPINNYONE)    
1 68446U 26067AG  26110.61168190  .00014842  00000+0  75107-3 0  9992
2 68446  97.4383  69.8724 0004563 279.0628  81.0089 15.17108811  3194
TRANSPORTER-16 OBJECT AH
1 68447U 26067AH  26110.85882885  .00006192  00000+0  30679-3 0  9997
2 68447  97.4490  70.1798 0001765 126.1538 233.9860 15.18116174  3246
HAWK-14A                
1 68448U 26067AJ  26111.13028373  .00002971  00000+0  15015-3 0  9992
2 68448  97.4572  70.4378 0001301 285.5296  74.5794 15.17838139  3282
TRANSPORTER-16 OBJECT AK
1 68449U 26067AK  26110.80450489  .00005775  00000+0  29323-3 0  9995
2 68449  97.4482  70.0973 0001895 279.8378  80.2641 15.17284339  3232
TRANSPORTER-16 OBJECT AL
1 68450U 26067AL  26110.86032467  .00005896  00000+0  29317-3 0  9992
2 68450  97.4517  70.1857 0001626 149.3202 210.8127 15.18008070  3242
TRANSPORTER-16 OBJECT AM
1 68451U 26067AM  26110.85947804  .00005973  00000+0  29645-3 0  9992
2 68451  97.4476  70.1745 0001574 126.2927 233.8453 15.18069751  3243
TRANSPORTER-16 OBJECT AN
1 68452U 26067AN  26110.86969661  .00005690  00000+0  28851-3 0  9993
2 68452  97.4518  70.1737 0001870 262.7925  97.3096 15.17338040  3240
TRANSPORTER-16 OBJECT AP
1 68453U 26067AP  26110.86060472  .00005836  00000+0  29040-3 0  9999
2 68453  97.4520  70.1865 0001669 158.5315 201.5989 15.17987550  3243
TRANSPORTER-16 OBJECT AQ
1 68454U 26067AQ  26110.80777872  .00005698  00000+0  29130-3 0  9999
2 68454  97.4543  70.1102 0003351 260.7829  99.3026 15.17045571  3231
TRANSPORTER-16 OBJECT AR
1 68455U 26067AR  26110.80974549  .00003809  00000+0  19688-3 0  9999
2 68455  97.4543  70.1069 0003798 260.0376 100.0429 15.16865952  3238
PARUS-6U1               
1 68456U 26067AS  26110.80954596  .00004758  00000+0  24484-3 0  9994
2 68456  97.4518  70.1002 0003710 260.6756  99.4058 15.16898002  3231
TRANSPORTER-16 OBJECT AT
1 68457U 26067AT  26110.85582835  .00007985  00000+0  39166-3 0  9991
2 68457  97.4514  70.1902 0002607 130.6985 229.4476 15.18372944  3245
SAL-E                   
1 68458U 26067AU  26110.80982959  .00006557  00000+0  33590-3 0  9997
2 68458  97.4446  70.0813 0003822 275.4930  84.5867 15.16915827  3232
TRANSPORTER-16 OBJECT AV
1 68459U 26067AV  26110.81078856  .00004849  00000+0  25005-3 0  9995
2 68459  97.4500  70.0937 0004061 262.0640  98.0132 15.16814574  3239
COSMO                   
1 68460U 26067AW  26110.81046437  .00006020  00000+0  30917-3 0  9998
2 68460  97.4467  70.0862 0004012 268.4968  91.5806 15.16862039  3234
TRANSPORTER-16 OBJECT AX
1 68461U 26067AX  26110.80348291  .00005747  00000+0  29120-3 0  9990
2 68461  97.4521  70.1103 0001775 265.9896  94.1134 15.17357399  3232
TRANSPORTER-16 OBJECT AY
1 68462U 26067AY  26110.53195733  .00005800  00000+0  28923-3 0  9992
2 68462  97.4522  69.8618 0001574 172.9889 187.1368 15.17914774  3199
TRANSPORTER-16 OBJECT AZ
1 68463U 26067AZ  26110.60560603  .00004965  00000+0  25233-3 0  9995
2 68463  97.4500  69.9106 0001600 276.9885  83.1166 15.17322022  3202
TRANSPORTER-16 OBJECT BA
1 68464U 26067BA  26110.67169618  .00003746  00000+0  19133-3 0  9992
2 68464  97.4485  69.9693 0001418 291.9191  68.1892 15.17302004  3218
TRANSPORTER-16 OBJECT BB
1 68465U 26067BB  26110.54003956  .00002331  00000+0  12049-3 0  9999
2 68465  97.4487  69.8407 0001472 289.6664  70.4410 15.17258906  3192
TRANSPORTER-16 OBJECT BC
1 68466U 26067BC  26110.61334769  .00005910  00000+0  30415-3 0  9990
2 68466  97.4453  69.8858 0004136 287.1387  72.9393 15.16794518  3056
TRANSPORTER-16 OBJECT BD
1 68467U 26067BD  26110.54417248  .00013303  00000+0  67193-3 0  9995
2 68467  97.4387  69.8105 0003985 280.9991  79.0794 15.17199699  3199
ERMIS-1                 
1 68468U 26067BE  26111.47201147  .00006828  00000+0  35112-3 0  9998
2 68468  97.4525  70.7472 0004729 248.4749 111.5981 15.16764151  3335
TRANSPORTER-16 OBJECT BF
1 68469U 26067BF  26110.60523652  .00002358  00000+0  12166-3 0  9999
2 68469  97.4504  69.9120 0001479 272.8739  87.2325 15.17311572  3205
TRANSPORTER-16 OBJECT BG
1 68470U 26067BG  26111.47258697  .00006091  00000+0  31407-3 0  9998
2 68470  97.4446  70.7258 0004899 265.7206  94.3467 15.16714423  3334
TRANSPORTER-16 OBJECT BH
1 68471U 26067BH  26111.58075467  .00005584  00000+0  57011-3 0  9998
2 68471  97.7548  70.6964 0002256 217.5099 142.5962 14.91007785  3293
FLYLAB1                 
1 68472U 26067BJ  26111.58230296  .00000541  00000+0  60509-4 0  9997
2 68472  97.7591  70.7041 0003337 209.2553 150.8479 14.90855000  3298
TRANSPORTER-16 OBJECT BK
1 68473U 26067BK  26110.53169278  .00005369  00000+0  26780-3 0  9998
2 68473  97.4505  69.8565 0001290 167.7350 192.3915 15.17938489  3176
BLACK KITE-2            
1 68474U 26067BL  26111.56114731  .00002852  00000+0  28463-3 0  9991
2 68474  97.7513  70.7154 0003924  80.1094 280.0568 14.92313499  3284
TRANSPORTER-16 OBJECT BM
1 68475U 26067BM  26111.58033171  .00006594  00000+0  67036-3 0  9998
2 68475  97.7496  70.6870 0001745 232.1258 127.9803 14.91110799  2769
TRANSPORTER-16 OBJECT BN
1 68476U 26067BN  26111.56144146  .00003636  00000+0  36129-3 0  9995
2 68476  97.7528  70.7175 0004080  90.9227 269.2459 14.92308895  3288
TRANSPORTER-16 OBJECT BP
1 68477U 26067BP  26111.64739002  .00005663  00000+0  57694-3 0  9998
2 68477  97.7501  70.7533 0002345 235.2126 124.8872 14.91089490  2709
FOSSASAT-2E25           
1 68478U 26067BQ  26111.63181158  .00000705  00000+0  75019-4 0  9995
2 68478  97.7559  70.7865 0003412 100.5851 259.5752 14.92029959  3299
TRANSPORTER-16 OBJECT BR
1 68479U 26067BR  26111.63126234  .00002599  00000+0  26114-3 0  9994
2 68479  97.7515  70.7771 0003222  88.4447 271.7141 14.92115086  3297
TRANSPORTER-16 OBJECT BS
1 68480U 26067BS  26111.55747545  .00002806  00000+0  27836-3 0  9994
2 68480  97.7591  70.7364 0005604  95.9566 264.2292 14.92566179  3288
TORO3                   
1 68481U 26067BT  26111.63282914  .00001612  00000+0  16458-3 0  9990
2 68481  97.7629  70.7997 0003976 123.0775 237.0826 14.91982893  3294
TRANSPORTER-16 OBJECT BU
1 68482U 26067BU  26111.55749001  .00002879  00000+0  28538-3 0  9995
2 68482  97.7537  70.7255 0005163  82.9625 277.2182 14.92564677  3284
TRANSPORTER-16 OBJECT BV
1 68483U 26067BV  26111.56118644  .00001197  00000+0  12273-3 0  9991
2 68483  97.7609  70.7353 0004768 105.8093 254.3652 14.92298231  3286
TRANSPORTER-16 OBJECT BW
1 68484U 26067BW  26111.56792065  .00001225  00000+0  12693-3 0  9995
2 68484  97.7581  70.7213 0002792 119.9760 240.1736 14.91832218  3287
TRANSPORTER-16 OBJECT BX
1 68485U 26067BX  26111.56647637  .00006319  00000+0  62826-3 0  9992
2 68485  97.7550  70.7153 0002987 111.3088 248.8450 14.92022710  3289
TRANSPORTER-16 OBJECT BY
1 68486U 26067BY  26111.56866187  .00001146  00000+0  11918-3 0  9995
2 68486  97.7543  70.7113 0002248 110.9056 249.2404 14.91781175  3288
TRANSPORTER-16 OBJECT BZ
1 68487U 26067BZ  26111.56242044  .00003753  00000+0  37343-3 0  9992
2 68487  97.7507  70.7126 0003553  82.8453 277.3170 14.92244867  3286
TRANSPORTER-16 OBJECT CA
1 68488U 26067CA  26111.57290197  .00001169  00000+0  12239-3 0  9992
2 68488  97.7540  70.7049 0001175 128.4908 231.6416 14.91494069  3284
TRANSPORTER-16 OBJECT CB
1 68489U 26067CB  26111.57618792  .00001852  00000+0  19160-3 0  9997
2 68489  97.7501  70.6921 0000526 220.4920 139.6259 14.91285072  3280
TRANSPORTER-16 OBJECT CC
1 68490U 26067CC  26111.57498789  .00001579  00000+0  16384-3 0  9992
2 68490  97.7575  70.7106 0001844 168.3155 191.8106 14.91359792  3285
TRANSPORTER-16 OBJECT CD
1 68491U 26067CD  26111.64569890  .00001335  00000+0  14015-3 0  9992
2 68491  97.7527  70.7617 0001672 218.2468 141.8632 14.91135384  3290
TRANSPORTER-16 OBJECT CE
1 68492U 26067CE  26111.64658865  .00003855  00000+0  39439-3 0  9990
2 68492  97.7536  70.7612 0001831 219.2046 140.9040 14.91105493  3297
TRANSPORTER-16 OBJECT CF
1 68493U 26067CF  26111.64555990  .00003353  00000+0  34345-3 0  9990
2 68493  97.7620  70.7811 0003107 186.3198 173.7982 14.91153339  3294
ICEYE-X71               
1 68494U 26067CG  26111.57451969  .00001865  00000+0  19239-3 0  9995
2 68494  97.7573  70.7108 0001742 164.6280 195.4992 14.91394313  3285
GRAVITAS                
1 68495U 26067CH  26110.92537546  .00000320  00000+0  44402-4 0  9996
2 68495  97.7600  70.0281 0001637 178.9108 181.2110 14.84194594  3187
ICEYE-X73               
1 68496U 26067CJ  26111.63352671  .00001914  00000+0  19463-3 0  9998
2 68496  97.7570  70.7866 0003106 111.3097 248.8454 14.91941088  3290
ICEYE-X75               
1 68497U 26067CK  26111.56678580  .00001903  00000+0  19365-3 0  9990
2 68497  97.7552  70.7161 0002835 106.9745 253.1785 14.91922047  3286
TRANSPORTER-16 OBJECT CL
1 68498U 26067CL  26111.57690250  .00002004  00000+0  20710-3 0  9999
2 68498  97.7510  70.6939 0000961 223.1875 136.9268 14.91240682  3289
TRANSPORTER-16 OBJECT CM
1 68499U 26067CM  26111.57432330  .00001128  00000+0  11851-3 0  9995
2 68499  97.7545  70.7045 0000989 147.6083 212.5196 14.91392496  3280
ICEYE-X74               
1 68500U 26067CN  26111.57387847  .00001875  00000+0  19315-3 0  9992
2 68500  97.7580  70.7133 0001767 157.7633 202.3662 14.91440224  3286
TRANSPORTER-16 OBJECT CP
1 68501U 26067CP  26111.64416821  .00001589  00000+0  16536-3 0  9990
2 68501  97.7593  70.7772 0002592 186.7410 173.3774 14.91245410  3294
ICEYE-X76               
1 68502U 26067CQ  26111.57287959  .00001849  00000+0  19025-3 0  9996
2 68502  97.7586  70.7160 0001949 151.0360 209.0967 14.91508030  3282
FLYLAB2                 
1 68503U 26067CR  26111.58420922  .00001478  00000+0  15683-3 0  9991
2 68503  97.7534  70.6897 0003608 242.2602 117.8251 14.90535758  3286
ICEYE-X72               
1 68504U 26067CS  26111.63617586  .00001920  00000+0  19607-3 0  9994
2 68504  97.7586  70.7871 0002649 127.8808 232.2650 14.91765361  3299
GEMS2-AMETHYST          
1 68505U 26067CT  26111.58575554  .00003596  00000+0  37230-3 0  9990
2 68505  97.7575  70.6955 0004003 219.2158 140.8771 14.90673365  3288
STARLINK-37262          
1 68508U 26068A   26110.64554857  .00099481  00000+0  50134-3 0  9999
2 68508  53.1579 299.0638 0000539  77.0543 283.0540 15.80891542  3300
STARLINK-36292          
1 68509U 26068B   26110.64404612  .00275737  00000+0  13506-2 0  9994
2 68509  53.1568 299.0533 0001073 123.4349 236.6777 15.80966205  3302
STARLINK-37260          
1 68510U 26068C   26110.64404661  .00213883  00000+0  10572-2 0  9994
2 68510  53.1570 299.0532 0001038 127.4832 232.6285 15.80940971  3300
STARLINK-37280          
1 68511U 26068D   26110.64329716  .00300948  00000+0  14694-2 0  9990
2 68511  53.1575 299.0479 0000609  27.3706 332.7348 15.80966482  3304
STARLINK-37286          
1 68512U 26068E   26110.64254486  .00227684  00000+0  11231-2 0  9991
2 68512  53.1575 299.0427 0000894 140.8305 219.2783 15.80947373  3300
STARLINK-36250          
1 68513U 26068F   26110.64106587  .00234439  00000+0  11560-2 0  9991
2 68513  53.1576 299.0328 0000887  97.1967 262.9156 15.80936299  3306
STARLINK-37251          
1 68514U 26068G   26110.64106570  .00338779  00000+0  16463-2 0  9993
2 68514  53.1577 299.0320 0000421  67.6067 292.5000 15.80965851  3300
STARLINK-36293          
1 68515U 26068H   26110.70351386  .00226882  00000+0  11188-2 0  9998
2 68515  53.1571 298.7105 0000470 112.1753 247.9320 15.80955263  3310
STARLINK-36290          
1 68516U 26068J   26110.13303230  .00252364  00000+0  12391-2 0  9992
2 68516  53.1575 301.5533 0000428 106.2874 253.8196 15.80977137  3225
STARLINK-36298          
1 68517U 26068K   26111.33335648  .00077934  00000+0  39645-3 0  9994
2 68517  53.1572 295.5370 0000876 111.5647 243.8000 15.80783944  4616
STARLINK-36857          
1 68518U 26068L   26110.44688947  .00187368  00000+0  93076-3 0  9990
2 68518  53.1574 299.9527 0000673 104.1456 255.9641 15.80910480  3275
STARLINK-36326          
1 68519U 26068M   26110.63804680  .00458809  00000+0  21924-2 0  9999
2 68519  53.1569 299.0115 0000513  90.0543 270.0539 15.81013698  3301
STARLINK-37126          
1 68520U 26068N   26110.44688944  .00190644  00000+0  94674-3 0  9996
2 68520  53.1575 299.9526 0000725 114.8669 245.2429 15.80907833  3274
STARLINK-36347          
1 68521U 26068P   26110.63504481  .00411355  00000+0  19850-2 0  9998
2 68521  53.1571 298.9921 0003049 296.8462  63.2248 15.80927014  3307
STARLINK-36322          
1 68522U 26068Q   26110.63504690  .00187451  00000+0  93066-3 0  9990
2 68522  53.1572 298.9922 0000532  88.8521 271.2563 15.80922151  3307
STARLINK-37208          
1 68523U 26068R   26110.63429089  .00278290  00000+0  13631-2 0  9990
2 68523  53.1575 298.9869 0001734 200.7864 159.3089 15.80959690  3308
STARLINK-36302          
1 68524U 26068S   26110.63279579  .00212011  00000+0  10483-2 0  9999
2 68524  53.1579 298.9788 0000122 174.6845 185.4179 15.80938124  3300
STARLINK-36311          
1 68525U 26068T   26110.50485645  .00260614  00000+0  12811-2 0  9998
2 68525  53.1564 299.6011 0000923 140.2568 219.8523 15.80929685  3286
STARLINK-37178          
1 68526U 26068U   26110.63202916  .00492325  00000+0  23347-2 0  9993
2 68526  53.1573 298.9721 0000812 352.8139   7.2872 15.81091727  3306
STARLINK-37248          
1 68527U 26068V   26110.63129431  .00326007  00000+0  15869-2 0  9997
2 68527  53.1572 298.9671 0001166 144.1556 215.9545 15.80965828  3304
STARLINK-37241          
1 68528U 26068W   26110.50260400  .00301716  00000+0  14744-2 0  9997
2 68528  53.1575 299.5862 0000333  69.4347 290.6712 15.80944427  3284
STARLINK-37244          
1 68529U 26068X   26110.69375816  .00344382  00000+0  16691-2 0  9995
2 68529  53.1574 298.6453 0000715  62.0949 298.0146 15.81009088  3314
STARLINK-36285          
1 68530U 26068Y   26110.69225914  .00300313  00000+0  14648-2 0  9996
2 68530  53.1573 298.6347 0000808 149.5542 210.5528 15.80990322  3312
STARLINK-36294          
1 68531U 26068Z   26110.62829400  .00247804  00000+0  12193-2 0  9998
2 68531  53.1570 298.9466 0001074 143.3361 216.7736 15.80944629  3309
STARLINK-36249          
1 68532U 26068AA  26110.62679219  .00479980  00000+0  22822-2 0  9992
2 68532  53.1573 298.9366 0000293 166.6674 193.4357 15.81064526  3309
STARLINK-36252          
1 68533U 26068AB  26110.12103238  .00249134  00000+0  12243-2 0  9993
2 68533  53.1572 301.4708 0000799  26.2642 333.8421 15.80969058  3222
STARLINK-36299          
1 68534U 26068AC  26110.49885643  .00178888  00000+0  88987-3 0  9997
2 68534  53.1576 299.5610 0001333  76.9044 283.2128 15.80905868  3286
STARLINK-37234          
1 68535U 26068AD  26109.99233725  .00190233  00000+0  94225-3 0  9999
2 68535  53.1574 302.0896 0000319  97.7244 262.3815 15.80964836  3200
STARLINK-37173          
1 68536U 26068AE  26110.49810621  .00263678  00000+0  12937-2 0  9996
2 68536  53.1572 299.5544 0000868  77.1958 282.9162 15.80963531  3284
SL-4 R/B                
1 68537U 26061S   26111.91834499  .00306768  37814-4  59685-3 0  9995
2 68537  82.3048  75.4453 0014156 307.0905  52.9078 16.00039928  4659
SWC-1                   
1 68540U 26069C   26107.51011483 -.00000351  00000+0  00000+0 0  9993
2 68540  28.3533 357.7706 8357664  80.9928 279.0715  1.01840683   168
STARLINK-37326          
1 68542U 26070A   26111.00002315 -.00027351  00000+0 -13552-3 0  9990
2 68542  53.1574 172.3436 0001366 107.8823 313.8137 15.80863914  4187
STARLINK-36308          
1 68543U 26070B   26111.00002315 -.00020186  00000+0 -99001-4 0  9994
2 68543  53.1574 172.3346 0000994  94.1255 331.8405 15.80866510  4139
STARLINK-37263          
1 68544U 26070C   26111.00002315 -.00058875  00000+0 -29666-3 0  9990
2 68544  53.1574 172.3174 0001111 121.1549 313.3499 15.80881162  4181
STARLINK-37289          
1 68545U 26070D   26111.00002315 -.00011382  00000+0 -54248-4 0  9998
2 68545  53.1574 172.3259 0000981  68.3343   1.9070 15.80855072  4180
STARLINK-37290          
1 68546U 26070E   26111.00002315 -.00061155  00000+0 -30833-3 0  9995
2 68546  53.1575 172.3080 0001557 118.3107 320.4672 15.80882398  4186
STARLINK-37245          
1 68547U 26070F   26111.00002315 -.00033939  00000+0 -16909-3 0  9993
2 68547  53.1574 172.2905 0000890 117.4968 329.8291 15.80872934  4180
STARLINK-37145          
1 68548U 26070G   26111.00002315 -.00029214  00000+0 -14498-3 0  9996
2 68548  53.1576 172.2996 0001018  78.5111   4.5397 15.80870981  4187
STARLINK-36204          
1 68549U 26070H   26111.00002315 -.00014047  00000+0 -67775-4 0  9992
2 68549  53.1575 172.2817 0001130 104.6417 346.9555 15.80863289  4131
STARLINK-36304          
1 68550U 26070J   26111.00002315 -.00042506  00000+0 -21284-3 0  9999
2 68550  53.1576 172.2639 0001397  49.8676  50.2717 15.80875288  4135
STARLINK-37288          
1 68551U 26070K   26111.00002315 -.00029898  00000+0 -14846-3 0  9995
2 68551  53.1578 172.2550 0001639 127.9621 336.4464 15.80870929  4187
STARLINK-37295          
1 68552U 26070L   26111.00002315 -.00003956  00000+0 -16520-4 0  9995
2 68552  53.1575 172.2727 0001199 123.5335 332.3340 15.80858169  4186
STARLINK-37254          
1 68553U 26070M   26111.00002315 -.00041751  00000+0 -20901-3 0  9998
2 68553  53.1578 172.2368 0000940  91.1396  21.8183 15.80873220  4181
STARLINK-37255          
1 68554U 26070N   26111.00002315 -.00074933  00000+0 -37903-3 0  9997
2 68554  53.1579 172.2282 0000762  76.5527  40.6669 15.80894837  4188
STARLINK-37146          
1 68555U 26070P   26111.00002315 -.00006849  00000+0 -31203-4 0  9997
2 68555  53.1577 172.2457 0001482  75.1551  33.5323 15.80857031  4186
STARLINK-37144          
1 68556U 26070Q   26111.00002315 -.00004714  00000+0 -20367-4 0  9996
2 68556  53.1580 172.2105 0000880 117.9332   7.8390 15.80862336  4186
STARLINK-37210          
1 68557U 26070R   26111.00002315 -.00042890  00000+0 -21480-3 0  9990
2 68557  53.1581 172.2198 0001151  98.6614  22.8348 15.80875970  4188
STARLINK-37227          
1 68558U 26070S   26111.00002315 -.00030882  00000+0 -15351-3 0  9999
2 68558  53.1580 172.2016 0001201  84.6824  45.3583 15.80868297  4186
STARLINK-37294          
1 68559U 26070T   26111.00002315 -.00023061  00000+0 -11364-3 0  9991
2 68559  53.1580 172.1931 0001379  88.0052  46.3094 15.80865230  4181
STARLINK-37291          
1 68560U 26070U   26111.00002315  .00007657  00000+0  42338-4 0  9990
2 68560  53.1580 172.1842 0001159  72.3102  66.2773 15.80851893  4187
STARLINK-37114          
1 68561U 26070V   26111.00002315 -.00045779  00000+0 -22956-3 0  9993
2 68561  53.1581 172.1753 0001453 118.9760  23.8772 15.80877682  4186
STARLINK-37233          
1 68562U 26070W   26111.00002315 -.00023763  00000+0 -11719-3 0  9998
2 68562  53.1581 172.1576 0000914 105.0911  46.3057 15.80872372  4183
STARLINK-36238          
1 68563U 26070X   26111.00002315 -.00009529  00000+0 -44811-4 0  9993
2 68563  53.1580 172.1666 0001205  89.2118  57.9165 15.80862583  4135
STARLINK-37008          
1 68564U 26070Y   26111.00002315 -.00033722  00000+0 -16797-3 0  9997
2 68564  53.1582 172.1488 0000826 103.7668  51.9040 15.80874267  4183
STARLINK-37161          
1 68565U 26070Z   26111.00002315 -.00037124  00000+0 -18532-3 0  9997
2 68565  53.1581 172.1398 0001023  85.1421  74.7985 15.80877110  4184
STARLINK-37212          
1 68566U 26070AA  26111.00002315  .00007084  00000+0  39435-4 0  9994
2 68566  53.1580 172.1307 0001182 105.7270  58.4896 15.80855024  4181
STARLINK-37261          
1 68567U 26070AB  26111.00002315 -.00025157  00000+0 -12429-3 0  9991
2 68567  53.1581 172.1216 0001180  78.5061  89.9791 15.80871268  4186
STARLINK-37283          
1 68568U 26070AC  26110.62673543  .00344756  00000+0  16729-2 0  9999
2 68568  53.1576 174.4127 0000559  75.6578 284.4506 15.80982188  2882
STARLINK-37256          
1 68569U 26070AD  26110.56427071  .00235642  00000+0  11606-2 0  9998
2 68569  53.1576 174.7342 0001754  58.4923 301.6271 15.80957195  2876
STARLINK-37228          
1 68570U 26070AE  26110.56277231  .00324251  00000+0  15791-2 0  9995
2 68570  53.1579 174.7248 0003599  29.5199 330.6026 15.80957586  2873
MERIDIAN-M 21L          
1 68571U 26071A   26104.39797982  .00000489  00000+0  80352-2 0  9990
2 68571  62.7790 237.3403 7234646 284.9939  10.8160  1.98596107   235
FREGAT R/B              
1 68572U 26071B   26093.32132148 -.00001541  00000+0  35052-3 0  9997
2 68572  63.0589 237.9448 7313819 284.9724  10.3188  2.01041412    13
KUIPER-00131            
1 68573U 26072A   26111.91668981  .00053796  00000+0  18129-2 0  9997
2 68573  51.8745  89.1855 0007313 161.1356 114.9225 15.30194497  3644
KUIPER-00189            
1 68574U 26072B   26111.91668981  .00036552  00000+0  18100-2 0  9998
2 68574  51.8840  89.7272 0001060  83.5673 266.1309 15.17433920  3221
KUIPER-00192            
1 68575U 26072C   26111.65658956  .00021794  00000+0  58722-3 0  9998
2 68575  51.8758  90.2922 0004879 152.5976 207.5269 15.37751554  2684
KUIPER-00193            
1 68576U 26072D   26111.65513035  .00021294  00000+0  57330-3 0  9996
2 68576  51.8762  90.2823 0003229 138.7357 221.3875 15.37794470  2688
KUIPER-00194            
1 68577U 26072E   26111.45624036  .00020509  00000+0  54869-3 0  9991
2 68577  51.8770  91.1974 0002727 129.5491 230.5737 15.38016004  2651
KUIPER-00229            
1 68578U 26072F   26111.91668981  .00025495  00000+0  84472-3 0  9992
2 68578  51.8755  89.2217 0007409 166.6522 111.4192 15.31104411  3760
KUIPER-00230            
1 68579U 26072G   26111.64656688  .00022404  00000+0  58881-3 0  9996
2 68579  51.8768  90.2215 0001686 110.4307 249.6861 15.38510314  2681
KUIPER-00231            
1 68580U 26072H   26111.65190192  .00021879  00000+0  58272-3 0  9991
2 68580  51.8754  90.2624 0002636 136.9332 223.1862 15.38112675  2685
KUIPER-00234            
1 68581U 26072J   26111.64773403  .00021979  00000+0  57728-3 0  9999
2 68581  51.8761  90.2345 0002253 120.6773 239.4436 15.38540383  2686
KUIPER-00236            
1 68582U 26072K   26111.64862471  .00024248  00000+0  63918-3 0  9994
2 68582  51.8766  90.2388 0002481 121.7767 238.3462 15.38368600  2684
KUIPER-00244            
1 68583U 26072L   26111.65310437  .00022823  00000+0  60845-3 0  9999
2 68583  51.8764  90.2685 0003845 151.1506 208.9695 15.38054514  2683
KUIPER-00253            
1 68584U 26072M   26111.65808575  .00020489  00000+0  55620-3 0  9996
2 68584  51.8727  90.3021 0005156 159.2064 200.9134 15.37557800  2688
KUIPER-00254            
1 68585U 26072N   26111.66451541  .00022553  00000+0  62136-3 0  9999
2 68585  51.8732  90.3435 0007458 165.8548 194.2649 15.37024193  2681
KUIPER-00263            
1 68586U 26072P   26111.64639510  .00024247  00000+0  63409-3 0  9998
2 68586  51.8770  90.2225 0002174  95.2467 264.8769 15.38614985  2688
KUIPER-00269            
1 68587U 26072Q   26111.65599051  .00031672  00000+0  84890-3 0  9992
2 68587  51.8751  90.2890 0004205 146.6060 213.5193 15.37703689  2684
KUIPER-00272            
1 68588U 26072R   26111.65889643  .00019900  00000+0  54215-3 0  9990
2 68588  51.8738  90.3068 0005433 159.1404 200.9806 15.37466134  2685
KUIPER-00285            
1 68589U 26072S   26111.65994939  .00021000  00000+0  57181-3 0  9995
2 68589  51.8747  90.3141 0006159 163.8874 196.2309 15.37443590  2683
KUIPER-00286            
1 68590U 26072T   26111.65512359  .00019696  00000+0  52996-3 0  9996
2 68590  51.8741  90.2831 0004280 139.9664 220.1639 15.37862773  2689
KUIPER-00289            
1 68591U 26072U   26111.67491398  .00019914  00000+0  56591-3 0  9996
2 68591  51.8665  90.4047 0010638 180.9192 179.1777 15.36111688  2689
KUIPER-00290            
1 68592U 26072V   26111.67426600  .00021410  00000+0  60701-3 0  9993
2 68592  51.8652  90.3988 0010798 178.0867 182.0162 15.36134976  2689
KUIPER-00293            
1 68593U 26072W   26111.54843898  .00019079  00000+0  55096-3 0  9991
2 68593  51.8644  91.0540 0011306 182.3968 177.6966 15.35630955  2666
KUIPER-00294            
1 68594U 26072X   26111.67174432  .00021041  00000+0  59234-3 0  9997
2 68594  51.8690  90.3867 0009529 178.2353 181.8669 15.36379221  2684
KUIPER-00296            
1 68595U 26072Y   26111.66747124  .00020701  00000+0  57592-3 0  9998
2 68595  51.8714  90.3608 0008279 171.3993 188.7137 15.36770348  2681
KUIPER-00297            
1 68596U 26072Z   26111.67318173  .00030964  00000+0  86956-3 0  9996
2 68596  51.8638  90.3909 0009547 178.7497 181.3515 15.36232055  2687
KUIPER-00300            
1 68597U 26072AA  26111.66528811  .00021889  00000+0  60451-3 0  9996
2 68597  51.8688  90.3451 0007840 171.4448 188.6674 15.36965497  2684
KUIPER-00301            
1 68598U 26072AB  26111.66889586  .00021316  00000+0  59517-3 0  9992
2 68598  51.8666  90.3661 0008497 174.4568 185.6514 15.36636062  2682
KUIPER-00304            
1 68599U 26072AC  26111.53982633  .00023531  00000+0  65757-3 0  9990
2 68599  51.8674  91.0024 0009167 174.3898 185.7192 15.36542302  2667
KUIPER-00317            
1 68600U 26072AD  26111.53645382  .00005689  00000+0  16621-3 0  9990
2 68600  51.8696  90.9821 0008508 167.2378 192.8825 15.36799773  2667
KUIPER-00320            
1 68601U 26072AE  26111.41540612  .00024347  00000+0  69057-3 0  9991
2 68601  51.8609  91.6597 0010993 179.5711 180.5286 15.36039635  2645
STARLINK-37135          
1 68602U 26073A   26111.91668981  .00049815  00000+0  33346-3 0  9997
2 68602  97.2849 309.7730 0001189  99.7540  57.8224 15.75151317  3484
STARLINK-37189          
1 68603U 26073B   26110.60531538  .00240941  00000+0  12195-2 0  9991
2 68603  97.2848 308.4283 0001644  85.4367 274.7089 15.80900459  2155
STARLINK-37130          
1 68604U 26073C   26111.91668981  .00059032  00000+0  39459-3 0  9992
2 68604  97.2845 309.7971 0001574  85.5849 129.9853 15.75149786  3488
STARLINK-37131          
1 68605U 26073D   26110.60381263  .00225453  00000+0  11435-2 0  9998
2 68605  97.2847 308.4301 0001466  73.0118 287.1311 15.80894935  2153
STARLINK-37253          
1 68606U 26073E   26110.60306164  .00252198  00000+0  12749-2 0  9991
2 68606  97.2849 308.4311 0001390  72.8258 287.3163 15.80898927  2157
STARLINK-37246          
1 68607U 26073F   26111.91668981  .00036523  00000+0  24503-3 0  9999
2 68607  97.2844 309.7820 0001534  97.2646  84.3102 15.75157410  3488
STARLINK-37243          
1 68608U 26073G   26110.60155832  .00233607  00000+0  11837-2 0  9998
2 68608  97.2847 308.4333 0001057  63.0192 297.1184 15.80895339  2156
STARLINK-37250          
1 68609U 26073H   26110.60080738  .00231964  00000+0  11754-2 0  9993
2 68609  97.2848 308.4338 0001622  82.4941 277.6511 15.80897813  2154
STARLINK-37105          
1 68610U 26073J   26111.91668981  .00022888  00000+0  15403-3 0  9991
2 68610  97.2846 309.8119 0001531 113.5363 138.0092 15.75172086  3404
STARLINK-37177          
1 68611U 26073K   26110.59930419  .00249979  00000+0  12639-2 0  9992
2 68611  97.2845 308.4364 0001753  88.6303 271.5166 15.80900743  2154
STARLINK-36386          
1 68612U 26073L   26110.59855296  .00255455  00000+0  12906-2 0  9995
2 68612  97.2845 308.4369 0001687  86.1833 273.9628 15.80902219  2156
STARLINK-36187          
1 68613U 26073M   26110.59780073  .00271241  00000+0  13671-2 0  9997
2 68613  97.2845 308.4381 0001762  73.5972 286.5489 15.80913247  2157
STARLINK-37170          
1 68614U 26073N   26110.59704953  .00212454  00000+0  10796-2 0  9997
2 68614  97.2843 308.4385 0001546  97.5686 262.5757 15.80886341  2154
STARLINK-37176          
1 68615U 26073P   26110.59629753  .00261490  00000+0  13197-2 0  9994
2 68615  97.2844 308.4393 0001810 117.6834 242.4618 15.80910332  2159
STARLINK-37152          
1 68616U 26073Q   26110.59562188 -.00516740  00000+0 -29344-2 0  9997
2 68616  97.2844 308.4402 0001294  84.0840 276.0575 15.80253752  2152
STARLINK-37186          
1 68617U 26073R   26110.53149521  .00236654  00000+0  11990-2 0  9993
2 68617  97.2845 308.3741 0001461 102.5675 257.5756 15.80888597  2142
STARLINK-37179          
1 68618U 26073S   26110.53074364  .00238847  00000+0  12098-2 0  9992
2 68618  97.2844 308.3751 0001698 105.5575 254.5880 15.80889808  2148
STARLINK-37226          
1 68619U 26073T   26110.59329447  .00256563  00000+0  12963-2 0  9990
2 68619  97.2841 308.4433 0001865 103.1746 256.9731 15.80897161  2157
STARLINK-37211          
1 68620U 26073U   26110.52923949  .00245256  00000+0  12411-2 0  9997
2 68620  97.2838 308.3769 0001468  75.3105 284.8326 15.80893735  2146
STARLINK-37269          
1 68621U 26073V   26111.91668981  .00085948  00000+0  57290-3 0  9999
2 68621  97.2847 309.8152 0001470  67.6314 193.9261 15.75125793  3402
STARLINK-37252          
1 68622U 26073W   26110.59103679  .00247276  00000+0  12504-2 0  9993
2 68622  97.2840 308.4467 0001404 100.6115 259.5312 15.80904028  2153
STARLINK-37284          
1 68623U 26073X   26110.59028659  .00244665  00000+0  12378-2 0  9996
2 68623  97.2837 308.4473 0001563  91.3375 268.8072 15.80899577  2155
STARLINK-37231          
1 68624U 26073Y   26111.91668981  .00068125  00000+0  45496-3 0  9995
2 68624  97.2849 309.8208 0001568 102.1997 171.3646 15.75139541  3480
STARLINK-37249          
1 68625U 26073Z   26110.58878408  .00191417  00000+0  97534-3 0  9996
2 68625  97.2839 308.4501 0001886  63.6476 296.4986 15.80881905  2150
STARLINK-37285          
1 68626U 26073AA  26111.91668981  .00053068  00000+0  35495-3 0  9995
2 68626  97.2847 309.8267 0001378  85.3553 202.1915 15.75157058  3401
STP-S29A OBJECT A       
1 68627U 26074A   26110.78250423  .00007078  00000+0  30647-3 0  9993
2 68627  60.0203  38.4286 0017094 320.7355  39.2484 15.23285927  2038
MISR-C-1                
1 68628U 26074B   26110.78159563  .00005983  00000+0  26044-3 0  9996
2 68628  60.0250  38.4373 0015540 323.7096  36.2929 15.23373954  2025
RAWHIDE-1               
1 68629U 26074C   26110.51538421  .00008490  00000+0  35909-3 0  9998
2 68629  60.0239  39.4213 0018943 328.5105  31.4840 15.23830477  1993
STPSAT-7                
1 68630U 26074D   26110.77530272  .00004468  00000+0  19344-3 0  9990
2 68630  60.0239  38.4036 0017107 333.3328  26.6871 15.24078235  2021
STP-S29A OBJECT E       
1 68631U 26074E   26110.77520581  .00003149  00000+0  13980-3 0  9998
2 68631  60.0230  38.4007 0017691 333.2291  26.7875 15.24078738  2031
RAWHIDE-2               
1 68632U 26074F   26110.50850287  .00009788  00000+0  40248-3 0  9991
2 68632  60.0327  39.4056 0018047 337.8277  22.2021 15.24642474  1985
MISR-C-2                
1 68633U 26074G   26110.76713298  .00006582  00000+0  27132-3 0  9996
2 68633  60.0230  38.3607 0018806 344.1248  15.9241 15.25037321  2020
AGGIESAT6 (AGS6)        
1 68634U 26074H   26110.23952499  .00007678  00000+0  31085-3 0  9996
2 68634  60.0222  40.3567 0019667 346.9242  13.1327 15.25419635  1958
CANVAS                  
1 68635U 26074J   26110.51351302  .00010000  00000+0  41778-3 0  9997
2 68635  60.0251  39.4176 0019432 331.9521  28.0511 15.24063382  1997
QIANFAN-109             
1 68636U 26075A   26111.88319865  .00000180  00000+0  79053-4 0  9994
2 68636  88.9902 327.0684 0014569 166.1919 193.9672 14.19019773  2039
QIANFAN-110             
1 68637U 26075B   26111.87918304  .00000135  00000+0  59064-4 0  9997
2 68637  88.9903 327.0680 0015367 167.1572 193.0011 14.17657957  2038
QIANFAN-111             
1 68638U 26075C   26111.87628398  .00000135  00000+0  57402-4 0  9993
2 68638  88.9903 327.0675 0015256 169.6096 190.5412 14.19330581  2038
QIANFAN-112             
1 68639U 26075D   26111.87814469  .00000143  00000+0  60947-4 0  9997
2 68639  88.9904 327.0677 0015745 167.8548 192.3025 14.19386996  2038
QIANFAN-113             
1 68640U 26075E   26111.87165018  .00000129  00000+0  54190-4 0  9995
2 68640  88.9904 327.0668 0015431 167.0676 193.0913 14.19429087  2039
QIANFAN-114             
1 68641U 26075F   26111.86510525  .00000173  00000+0  74001-4 0  9994
2 68641  88.9903 327.0657 0015818 169.0971 191.0565 14.20440925  2033
QIANFAN-115             
1 68642U 26075G   26111.86313291  .00000150  00000+0  63452-4 0  9999
2 68642  88.9903 327.0654 0015371 169.0245 191.1284 14.20356455  2032
QIANFAN-116             
1 68643U 26075H   26111.64950781 -.01984320  00000+0 -10363+1 0  9999
2 68643  88.9898 327.0887 0019780 181.7882 178.3240 14.18411217  2001
QIANFAN-117             
1 68644U 26075J   26111.86724334  .00000122  00000+0  50405-4 0  9998
2 68644  88.9903 327.0661 0015206 167.4453 192.7120 14.20246088  2038
QIANFAN-118             
1 68645U 26075K   26111.79150268  .00000194  00000+0  81506-4 0  9995
2 68645  88.9902 327.0733 0014968 166.9706 193.1875 14.21898645  2021
QIANFAN-119             
1 68646U 26075L   26111.85880603  .00000189  00000+0  77736-4 0  9990
2 68646  88.9904 327.0649 0014907 168.0200 192.1349 14.22770454  2039
QIANFAN-120             
1 68647U 26075M   26111.85728173  .00000244  00000+0  10354-3 0  9998
2 68647  88.9904 327.0647 0014989 168.0593 192.0957 14.22212381  2037
QIANFAN-121             
1 68648U 26075N   26111.85573860  .00000200  00000+0  83187-4 0  9997
2 68648  88.9904 327.0644 0014414 169.0677 191.0831 14.22351160  2031
QIANFAN-122             
1 68649U 26075P   26111.85362864  .00000201  00000+0  83054-4 0  9992
2 68649  88.9904 327.0641 0014560 168.2430 191.9104 14.22895831  2039
QIANFAN-123             
1 68650U 26075Q   26111.79407219 -.00004711  00000+0 -22156-2 0  9997
2 68650  88.9896 327.0737 0014754 170.8962 189.2499 14.20188068  1997
QIANFAN-124             
1 68651U 26075R   26111.85322031  .00000192  00000+0  78972-4 0  9999
2 68651  88.9904 327.0640 0015126 168.1053 192.0499 14.22715929  2038
QIANFAN-125             
1 68652U 26075S   26111.85136016  .00000217  00000+0  89002-4 0  9990
2 68652  88.9905 327.0639 0014849 168.5645 191.5888 14.23395968  2034
QIANFAN-126             
1 68653U 26075T   26111.91872215  .00000241  00000+0  96692-4 0  9996
2 68653  88.9903 327.0551 0014908 167.8253 192.3303 14.24950397  2045
CZ-8 R/B                
1 68654U 26075U   26111.92137960  .00000149  00000+0  40765-4 0  9996
2 68654  88.9894 327.0150 0073592  72.9928 287.9321 14.40035632  2055
HULIANWANG DIGUI-164    
1 68656U 26076A   26111.61664079 -.00000885  00000+0 -90140-3 0  9991
2 68656  86.4943  63.6467 0001602 116.9528 243.1800 13.77852869  1779
HULIANWANG DIGUI-165    
1 68657U 26076B   26111.61427853  .00000173  00000+0  15534-3 0  9991
2 68657  86.4970  63.6434 0000746  98.3431 261.7818 13.78044588  1775
HULIANWANG DIGUI-166    
1 68658U 26076C   26111.61169881 -.00000489  00000+0 -49982-3 0  9992
2 68658  86.4909  63.6279 0000775  80.1521 279.9732 13.78567625  1774
HULIANWANG DIGUI-167    
1 68659U 26076D   26111.60848108 -.00000048  00000+0 -63684-4 0  9995
2 68659  86.4951  63.6460 0001480  71.0138 289.1187 13.78588846  1776
HULIANWANG DIGUI-168    
1 68660U 26076E   26111.60546258 -.00000607  00000+0 -61443-3 0  9999
2 68660  86.4941  63.6554 0002760  37.7945 322.3413 13.78773822  1769
CZ-6A R/B               
1 68661U 26076F   26111.92962618 -.00000005  00000+0 -13227-4 0  9997
2 68661  86.5073  63.3105 0106927  70.4268 290.8422 14.09391823  1859
GUOWANG TEST OBJECT A   
1 68687U 26078A   26111.97773267  .00000261  00000+0  28464-3 0  9992
2 68687  86.4974 302.0865 0008130 251.4061 108.6216 13.68815529  1429
GUOWANG TEST OBJECT B   
1 68688U 26078B   26111.94126591  .00000284  00000+0  87251-4 0  9997
2 68688  86.5859 301.8987 0251551 351.7360   7.9718 14.21576306  1478
CYGNUS NG-24            
1 68689U 26079A   26111.74820811  .00009534  00000+0  18169-3 0  9991
2 68689  51.6323 219.4368 0006711 334.6967  25.3692 15.48877266  1580
GUOWANG TEST OBJECT C   
1 68690U 26078C   26111.99671984  .00005577  00000+0  25530-3 0  9997
2 68690  86.6404 301.6964 0443480 350.6165   8.6947 14.61786283  1525
JILIN GAOFEN OBJECT A   
1 68691U 26080A   26109.71779258  .00000204  00000+0  17305-4 0  9995
2 68691  97.6642 185.3455 0010510 261.5316  98.4721 15.08316877   847
JILIN GAOFEN OBJECT B   
1 68692U 26080B   26106.93074301  .00002302  00000+0  14839-3 0  9993
2 68692  97.6620 182.5721 0014020 270.2297  89.7325 15.09268839   426
JILIN GAOFEN OBJECT C   
1 68693U 26080C   26109.05230122  .00000284  00000+0  21876-4 0  9992
2 68693  97.6618 184.6919 0014083 261.8747  98.0884 15.09281899   740
JILIN GAOFEN OBJECT D   
1 68694U 26080D   26105.07430977  .00001013  00000+0  67430-4 0  9998
2 68694  97.6682 180.7187 0014244 278.7346  81.2269 15.09349528   124
JILIN GAOFEN OBJECT E   
1 68695U 26080E   26110.90816983  .00000994  00000+0  66141-4 0  9997
2 68695  97.6660 186.5493 0014650 256.2567 103.7032 15.09404252   980
JILIN GAOFEN OBJECT F   
1 68696U 26080F   26110.57647781  .00000939  00000+0  62656-4 0  9995
2 68696  97.6629 186.2166 0013615 260.2856  99.6835 15.09455350   930
JILIN GAOFEN OBJECT G   
1 68697U 26080G   26105.07421782  .00002560  00000+0  16347-3 0  9993
2 68697  97.6672 180.7171 0014131 282.1232  77.8414 15.09509936   109
JILIN GAOFEN OBJECT H   
1 68698U 26080H   26110.84104992  .00004026  00000+0  25410-3 0  9996
2 68698  97.6661 186.4842 0013919 261.4163  98.5488 15.09594030   977
2026-083A               
1 68753U 26083A   26111.95918922  .00004463  00000+0  18802-3 0  9992
2 68753  98.2658 257.7297 0065010  62.6609 298.1222 15.22028464   773
2026-083B               
1 68754U 26083B   26111.94347587  .00002084  00000+0  14577-3 0  9997
2 68754  98.2519 257.5369 0008806 244.0133 116.0185 15.06521034   753
2026-083D               
1 68756U 26083D   26111.80287069  .00006840  00000+0  22716-3 0  9990
2 68756  96.9053 252.6611 0013467 254.2044 105.7714 15.31416739   736
2026-083E               
1 68757U 26083E   26111.69147502  .00134012  00000+0  51564-2 0  9990
2 68757  98.2498 257.3950 0060026  63.2918 297.4445 15.24144086   728
2026-083F               
1 68758U 26083F   26111.94349400  .00001959  00000+0  13586-3 0  9996
2 68758  96.9511 251.7490 0010356 239.4961 120.5246 15.06572998   736
2026-083G               
1 68759U 26083G   26111.94336375  .00001962  00000+0  13590-3 0  9993
2 68759  96.9516 251.7521 0010538 239.5213 120.4976 15.06614682   725
DAQI-2                  
1 68760U 26084A   26111.94920823  .00000018  00000+0  14007-4 0  9999
2 68760  98.2863 186.3484 0000653 290.6085  69.5043 14.57587277   700
CZ-4C R/B               
1 68761U 26084B   26111.85736385  .00000232  00000+0  28352-4 0  9994
2 68761  98.2895 186.4787 0124039  29.5531 331.2620 14.88536627   700
2026-083H               
1 68762U 26083H   26111.94284008  .00001993  00000+0  13734-3 0  9996
2 68762  96.9511 251.7492 0011267 239.7633 120.2481 15.06782438   734
2026-083J               
1 68763U 26083J   26111.94270369  .00002397  00000+0  16422-3 0  9998
2 68763  96.9514 251.7519 0011554 239.8814 120.1271 15.06825787   730
2026-083K               
1 68764U 26083K   26111.94253160  .00002440  00000+0  16688-3 0  9992
2 68764  96.9513 251.7513 0010913 235.8846 124.1348 15.06881118   732
NAVSTAR 86 (USA 585)    
1 68791U 26087A   26111.59767698  .00000775  00000+0  55277-3 0  9999
2 68791  55.0059 211.2053 5941510 270.0301  26.2191  4.03269180    25
