================= REPORT SAVE =================

[CCSDS HEADER]
MsgId      : 0x0825
Seq        : 0xC000
Len        : 0x0215
TimeCode   : 00 BB 34 C3 74 E8
Padding    : 0x00000000

[REPORT BODY]
Reflected MID  : 0x1875
Reflected CC   : 0x1A
RetType        : 0x05
RetCode        : 0
RetValSize     : 124

================= PARSED BY MID/CC =================
ReflectedMID : 0x1875
ReflectedCC  : 0x1A
PayloadLen   : 124

[EPS P60 ACU GET TABLE HK]

[Inputs]
c_in[0..5]: 247 251 317 318 309 303
v_in[0..5]: 10880 10922 10964 10925 10967 11013

[Bus/Temp]
vbat: 16378
vcc : 3279
temp[0..2]: 135 133 135

[MPPT]
mppt_mode: 1
vboost[0..5]: 10752 10752 10752 10752 10752 10752
power[0..5]: 2687 2741 3475 3474 3388 3336

[DAC]
dac_en[0..2]: 1 1 1
dac_val[0..5]: 400 400 400 400 400 400

[Boot/Time]
bootcause : 0
bootcnt   : 256
uptime    : 150
resetcause: 0xB5D6

[MPPT Timing]
mppt_time  : 25
mppt_period: 1

[Device]
device_type[0..7]: 20 0 49 0 0 0 7 1
device_status[0..7]: 1 3 3 3 4 0 1 1

[WDT]
wdt_cnt_gnd : 65793
wdt_gnd_left: 8

[PAYLOAD HEX]
F7 00 FB 00 3D 01 3E 01 35 01 2F 01 80 2A AA 2A 
D4 2A AD 2A D7 2A 05 2B FA 3F CF 0C 87 00 85 00 
87 00 01 00 00 2A 00 2A 00 2A 00 2A 00 2A 00 2A 
7F 0A B5 0A 93 0D 92 0D 3C 0D 08 0D 01 01 01 00 
90 01 90 01 90 01 90 01 90 01 90 01 00 00 00 00 
00 01 00 00 96 00 00 00 D6 B5 19 00 01 00 14 00 
31 00 00 00 07 01 01 03 03 03 04 00 01 01 01 01 
01 01 01 00 08 00 00 00 CD A2 02 00 

[RETURN VALUE]
F7 00 FB 00 3D 01 3E 01 35 01 2F 01 80 2A AA 2A 
D4 2A AD 2A D7 2A 05 2B FA 3F CF 0C 87 00 85 00 
87 00 01 00 00 2A 00 2A 00 2A 00 2A 00 2A 00 2A 
7F 0A B5 0A 93 0D 92 0D 3C 0D 08 0D 01 01 01 00 
90 01 90 01 90 01 90 01 90 01 90 01 00 00 00 00 
00 01 00 00 96 00 00 00 D6 B5 19 00 01 00 14 00 
31 00 00 00 07 01 01 03 03 03 04 00 01 01 01 01 
01 01 01 00 08 00 00 00 CD A2 02 00 

[BINARY DATA]
25 08 00 C0 15 02 00 BB 34 C3 74 E8 00 00 00 00 75 18 1A 05 00 00 00 00 7C 00 F7 00 FB 00 3D 01 3E 01 35 01 2F 01 80 2A AA 2A D4 2A AD 2A D7 2A 05 2B FA 3F CF 0C 87 00 85 00 87 00 01 00 00 2A 00 2A 00 2A 00 2A 00 2A 00 2A 7F 0A B5 0A 93 0D 92 0D 3C 0D 08 0D 01 01 01 00 90 01 90 01 90 01 90 01 90 01 90 01 00 00 00 00 00 01 00 00 96 00 00 00 D6 B5 19 00 01 00 14 00 31 00 00 00 07 01 01 03 03 03 04 00 01 01 01 01 01 01 01 00 08 00 00 00 CD A2 02 00 00 00 00 00 00 00 00 00 00 00 00 00 00 00 00 00 00 00 00 00 00 00 00 00 00 00 00 00 00 00 00 00 00 00 00 00 00 00 00 00 00 00 00 00 00 00 00 00 00 00 00 00 00 00 00 00 00 00 00 00 00 00 00 00 00 00 00 00 00 00 00 00 00 00 00 00 00 00 00 00 00 00 00 00 00 00 00 00 00 00 00 00 00 00 00 00 00 00 00 00 00 00 00 00 00 00 00 00 00 00 00 00 00 00 00 00 00 00 00 00 00 00 00 00 00 00 00 00 00 00 00 00 00 00 00 00 00 00 00 00 00 00 00 00 00 00 00 00 00 00 00 00 00 00 00 00 00 00 00 00 00 00 00 00 00 00 00 00 00 00 00 00 00 00 00 00 00 00 00 00 00 00 00 00 00 00 00 00 00 00 00 00 00 00 00 00 00 00 00 00 00 00 00 00 00 00 00 00 00 00 00 00 00 00 00 00 00 00 00 00 00 00 00 00 00 00 00 00 00 00 00 00 00 00 00 00 00 00 00 00 00 00 00 00 00 00 00 00 00 00 00 00 00 00 00 00 00 00 00 00 00 00 00 00 00 00 00 00 00 00 00 00 00 00 00 00 00 00 00 00 00 00 00 00 00 00 00 00 00 00 00 00 00 00 00 00 00 00 00 00 00 00 00 00 00 00 00 00 00 00 00 00 00 00 00 00 00 00 00 00 00 00 00 00 00 00 00 00 00 00 00 00 00 00 00 00 00 00 00 00 00 00 00 00 00 00 00 00 00 00 00 00 00 00 00 00 00 00 00 00 00 00 00 00 00 00 00 00 00 00 00 00 00 00 00 00 00 00 00 00 00 00 00 00 00 00 00 00 00 00 
