================= REPORT SAVE =================

[CCSDS HEADER]
MsgId      : 0x0825
Seq        : 0xC000
Len        : 0x0215
TimeCode   : 00 CD AA E4 3E 9B
Padding    : 0x00000000

[REPORT BODY]
Reflected MID  : 0x1875
Reflected CC   : 0x1A
RetType        : 0x05
RetCode        : 0
RetValSize     : 124

================= PARSED BY MID/CC =================
ReflectedMID : 0x1875
ReflectedCC  : 0x1A
PayloadLen   : 124

[EPS P60 ACU GET TABLE HK]

[Inputs]
c_in[0..5]: 39 50 46 42 15 13
v_in[0..5]: 16848 16840 16840 16802 15271 15026

[Bus/Temp]
vbat: 16253
vcc : 3279
temp[0..2]: 102 104 105

[MPPT]
mppt_mode: 1
vboost[0..5]: 18521 18817 17661 18172 17876 17983
power[0..5]: 657 842 774 705 229 195

[DAC]
dac_en[0..2]: 1 1 1
dac_val[0..5]: 687 700 657 676 665 669

[Boot/Time]
bootcause : 3044749176
bootcnt   : 1
uptime    : 151
resetcause: 0xA62B

[MPPT Timing]
mppt_time  : 2
mppt_period: 1

[Device]
device_type[0..7]: 22 0 49 0 0 0 7 1
device_status[0..7]: 1 3 3 3 4 0 1 1

[WDT]
wdt_cnt_gnd : 65793
wdt_gnd_left: 8

[PAYLOAD HEX]
27 00 32 00 2E 00 2A 00 0F 00 0D 00 D0 41 C8 41 
C8 41 A2 41 A7 3B B2 3A 7D 3F CF 0C 66 00 68 00 
69 00 01 00 59 48 81 49 FD 44 FC 46 D4 45 3F 46 
91 02 4A 03 06 03 C1 02 E5 00 C3 00 01 01 01 00 
AF 02 BC 02 91 02 A4 02 99 02 9D 02 78 2F 7B B5 
01 00 00 00 97 00 00 00 2B A6 02 00 01 00 16 00 
31 00 00 00 07 01 01 03 03 03 04 00 01 01 01 01 
01 01 01 00 08 00 00 00 F2 8D 02 00 

[RETURN VALUE]
27 00 32 00 2E 00 2A 00 0F 00 0D 00 D0 41 C8 41 
C8 41 A2 41 A7 3B B2 3A 7D 3F CF 0C 66 00 68 00 
69 00 01 00 59 48 81 49 FD 44 FC 46 D4 45 3F 46 
91 02 4A 03 06 03 C1 02 E5 00 C3 00 01 01 01 00 
AF 02 BC 02 91 02 A4 02 99 02 9D 02 78 2F 7B B5 
01 00 00 00 97 00 00 00 2B A6 02 00 01 00 16 00 
31 00 00 00 07 01 01 03 03 03 04 00 01 01 01 01 
01 01 01 00 08 00 00 00 F2 8D 02 00 

[BINARY DATA]
25 08 00 C0 15 02 00 CD AA E4 3E 9B 00 00 00 00 75 18 1A 05 00 00 00 00 7C 00 27 00 32 00 2E 00 2A 00 0F 00 0D 00 D0 41 C8 41 C8 41 A2 41 A7 3B B2 3A 7D 3F CF 0C 66 00 68 00 69 00 01 00 59 48 81 49 FD 44 FC 46 D4 45 3F 46 91 02 4A 03 06 03 C1 02 E5 00 C3 00 01 01 01 00 AF 02 BC 02 91 02 A4 02 99 02 9D 02 78 2F 7B B5 01 00 00 00 97 00 00 00 2B A6 02 00 01 00 16 00 31 00 00 00 07 01 01 03 03 03 04 00 01 01 01 01 01 01 01 00 08 00 00 00 F2 8D 02 00 00 00 00 00 00 00 00 00 00 00 00 00 00 00 00 00 00 00 00 00 00 00 00 00 00 00 00 00 00 00 00 00 00 00 00 00 00 00 00 00 00 00 00 00 00 00 00 00 00 00 00 00 00 00 00 00 00 00 00 00 00 00 00 00 00 00 00 00 00 00 00 00 00 00 00 00 00 00 00 00 00 00 00 00 00 00 00 00 00 00 00 00 00 00 00 00 00 00 00 00 00 00 00 00 00 00 00 00 00 00 00 00 00 00 00 00 00 00 00 00 00 00 00 00 00 00 00 00 00 00 00 00 00 00 00 00 00 00 00 00 00 00 00 00 00 00 00 00 00 00 00 00 00 00 00 00 00 00 00 00 00 00 00 00 00 00 00 00 00 00 00 00 00 00 00 00 00 00 00 00 00 00 00 00 00 00 00 00 00 00 00 00 00 00 00 00 00 00 00 00 00 00 00 00 00 00 00 00 00 00 00 00 00 00 00 00 00 00 00 00 00 00 00 00 00 00 00 00 00 00 00 00 00 00 00 00 00 00 00 00 00 00 00 00 00 00 00 00 00 00 00 00 00 00 00 00 00 00 00 00 00 00 00 00 00 00 00 00 00 00 00 00 00 00 00 00 00 00 00 00 00 00 00 00 00 00 00 00 00 00 00 00 00 00 00 00 00 00 00 00 00 00 00 00 00 00 00 00 00 00 00 00 00 00 00 00 00 00 00 00 00 00 00 00 00 00 00 00 00 00 00 00 00 00 00 00 00 00 00 00 00 00 00 00 00 00 00 00 00 00 00 00 00 00 00 00 00 00 00 00 00 00 00 00 00 00 00 00 00 00 00 00 00 00 00 00 00 00 00 00 00 00 00 00 00 00 00 00 00 00 
