================= REPORT SAVE =================

[CCSDS HEADER]
MsgId      : 0x0825
Seq        : 0xC000
Len        : 0x0215
TimeCode   : 00 B9 F9 04 DE C5
Padding    : 0x00000000

[REPORT BODY]
Reflected MID  : 0x1875
Reflected CC   : 0x1A
RetType        : 0x05
RetCode        : 0
RetValSize     : 124

================= PARSED BY MID/CC =================
ReflectedMID : 0x1875
ReflectedCC  : 0x1A
PayloadLen   : 124

[EPS P60 ACU GET TABLE HK]

[Inputs]
c_in[0..5]: 281 281 345 336 15 12
v_in[0..5]: 16459 16439 16466 16402 15919 16318

[Bus/Temp]
vbat: 16285
vcc : 3275
temp[0..2]: 170 172 172

[MPPT]
mppt_mode: 1
vboost[0..5]: 16774 16774 16774 16774 16774 16774
power[0..5]: 4624 4619 5680 5511 238 195

[DAC]
dac_en[0..2]: 1 1 1
dac_val[0..5]: 625 624 624 624 625 625

[Boot/Time]
bootcause : 0
bootcnt   : 256
uptime    : 150
resetcause: 0x79F1

[MPPT Timing]
mppt_time  : 24
mppt_period: 1

[Device]
device_type[0..7]: 22 0 49 0 0 0 7 1
device_status[0..7]: 1 3 3 3 4 0 1 1

[WDT]
wdt_cnt_gnd : 65793
wdt_gnd_left: 8

[PAYLOAD HEX]
19 01 19 01 59 01 50 01 0F 00 0C 00 4B 40 37 40 
52 40 12 40 2F 3E BE 3F 9D 3F CB 0C AA 00 AC 00 
AC 00 01 00 86 41 86 41 86 41 86 41 86 41 86 41 
10 12 0B 12 30 16 87 15 EE 00 C3 00 01 01 01 00 
71 02 70 02 70 02 70 02 71 02 71 02 00 00 00 00 
00 01 00 00 96 00 00 00 F1 79 18 00 01 00 16 00 
31 00 00 00 07 01 01 03 03 03 04 00 01 01 01 01 
01 01 01 00 08 00 00 00 20 A2 02 00 

[RETURN VALUE]
19 01 19 01 59 01 50 01 0F 00 0C 00 4B 40 37 40 
52 40 12 40 2F 3E BE 3F 9D 3F CB 0C AA 00 AC 00 
AC 00 01 00 86 41 86 41 86 41 86 41 86 41 86 41 
10 12 0B 12 30 16 87 15 EE 00 C3 00 01 01 01 00 
71 02 70 02 70 02 70 02 71 02 71 02 00 00 00 00 
00 01 00 00 96 00 00 00 F1 79 18 00 01 00 16 00 
31 00 00 00 07 01 01 03 03 03 04 00 01 01 01 01 
01 01 01 00 08 00 00 00 20 A2 02 00 

[BINARY DATA]
25 08 00 C0 15 02 00 B9 F9 04 DE C5 00 00 00 00 75 18 1A 05 00 00 00 00 7C 00 19 01 19 01 59 01 50 01 0F 00 0C 00 4B 40 37 40 52 40 12 40 2F 3E BE 3F 9D 3F CB 0C AA 00 AC 00 AC 00 01 00 86 41 86 41 86 41 86 41 86 41 86 41 10 12 0B 12 30 16 87 15 EE 00 C3 00 01 01 01 00 71 02 70 02 70 02 70 02 71 02 71 02 00 00 00 00 00 01 00 00 96 00 00 00 F1 79 18 00 01 00 16 00 31 00 00 00 07 01 01 03 03 03 04 00 01 01 01 01 01 01 01 00 08 00 00 00 20 A2 02 00 00 00 00 00 00 00 00 00 00 00 00 00 00 00 00 00 00 00 00 00 00 00 00 00 00 00 00 00 00 00 00 00 00 00 00 00 00 00 00 00 00 00 00 00 00 00 00 00 00 00 00 00 00 00 00 00 00 00 00 00 00 00 00 00 00 00 00 00 00 00 00 00 00 00 00 00 00 00 00 00 00 00 00 00 00 00 00 00 00 00 00 00 00 00 00 00 00 00 00 00 00 00 00 00 00 00 00 00 00 00 00 00 00 00 00 00 00 00 00 00 00 00 00 00 00 00 00 00 00 00 00 00 00 00 00 00 00 00 00 00 00 00 00 00 00 00 00 00 00 00 00 00 00 00 00 00 00 00 00 00 00 00 00 00 00 00 00 00 00 00 00 00 00 00 00 00 00 00 00 00 00 00 00 00 00 00 00 00 00 00 00 00 00 00 00 00 00 00 00 00 00 00 00 00 00 00 00 00 00 00 00 00 00 00 00 00 00 00 00 00 00 00 00 00 00 00 00 00 00 00 00 00 00 00 00 00 00 00 00 00 00 00 00 00 00 00 00 00 00 00 00 00 00 00 00 00 00 00 00 00 00 00 00 00 00 00 00 00 00 00 00 00 00 00 00 00 00 00 00 00 00 00 00 00 00 00 00 00 00 00 00 00 00 00 00 00 00 00 00 00 00 00 00 00 00 00 00 00 00 00 00 00 00 00 00 00 00 00 00 00 00 00 00 00 00 00 00 00 00 00 00 00 00 00 00 00 00 00 00 00 00 00 00 00 00 00 00 00 00 00 00 00 00 00 00 00 00 00 00 00 00 00 00 00 00 00 00 00 00 00 00 00 00 00 00 00 00 00 00 00 00 00 00 00 00 00 00 00 00 00 
