================= REPORT SAVE =================

[CCSDS HEADER]
MsgId      : 0x0825
Seq        : 0xC000
Len        : 0x0215
TimeCode   : 00 B9 F8 73 78 BE
Padding    : 0x00000000

[REPORT BODY]
Reflected MID  : 0x1875
Reflected CC   : 0x1A
RetType        : 0x05
RetCode        : 0
RetValSize     : 124

================= PARSED BY MID/CC =================
ReflectedMID : 0x1875
ReflectedCC  : 0x1A
PayloadLen   : 124

[EPS P60 ACU GET TABLE HK]

[Inputs]
c_in[0..5]: 266 268 300 295 15 12
v_in[0..5]: 16931 16909 16909 16885 16140 16415

[Bus/Temp]
vbat: 16253
vcc : 3279
temp[0..2]: 157 158 158

[MPPT]
mppt_mode: 1
vboost[0..5]: 18037 17016 17661 18978 17822 17822
power[0..5]: 4503 4531 5072 4981 242 196

[DAC]
dac_en[0..2]: 1 1 1
dac_val[0..5]: 669 633 657 704 657 667

[Boot/Time]
bootcause : 0
bootcnt   : 256
uptime    : 150
resetcause: 0x7960

[MPPT Timing]
mppt_time  : 24
mppt_period: 1

[Device]
device_type[0..7]: 22 0 49 0 0 0 7 1
device_status[0..7]: 1 3 3 3 4 0 1 1

[WDT]
wdt_cnt_gnd : 65793
wdt_gnd_left: 8

[PAYLOAD HEX]
0A 01 0C 01 2C 01 27 01 0F 00 0C 00 23 42 0D 42 
0D 42 F5 41 0C 3F 1F 40 7D 3F CF 0C 9D 00 9E 00 
9E 00 01 00 75 46 78 42 FD 44 22 4A 9E 45 9E 45 
97 11 B3 11 D0 13 75 13 F2 00 C4 00 01 01 01 00 
9D 02 79 02 91 02 C0 02 91 02 9B 02 00 00 00 00 
00 01 00 00 96 00 00 00 60 79 18 00 01 00 16 00 
31 00 00 00 07 01 01 03 03 03 04 00 01 01 01 01 
01 01 01 00 08 00 00 00 B1 A2 02 00 

[RETURN VALUE]
0A 01 0C 01 2C 01 27 01 0F 00 0C 00 23 42 0D 42 
0D 42 F5 41 0C 3F 1F 40 7D 3F CF 0C 9D 00 9E 00 
9E 00 01 00 75 46 78 42 FD 44 22 4A 9E 45 9E 45 
97 11 B3 11 D0 13 75 13 F2 00 C4 00 01 01 01 00 
9D 02 79 02 91 02 C0 02 91 02 9B 02 00 00 00 00 
00 01 00 00 96 00 00 00 60 79 18 00 01 00 16 00 
31 00 00 00 07 01 01 03 03 03 04 00 01 01 01 01 
01 01 01 00 08 00 00 00 B1 A2 02 00 

[BINARY DATA]
25 08 00 C0 15 02 00 B9 F8 73 78 BE 00 00 00 00 75 18 1A 05 00 00 00 00 7C 00 0A 01 0C 01 2C 01 27 01 0F 00 0C 00 23 42 0D 42 0D 42 F5 41 0C 3F 1F 40 7D 3F CF 0C 9D 00 9E 00 9E 00 01 00 75 46 78 42 FD 44 22 4A 9E 45 9E 45 97 11 B3 11 D0 13 75 13 F2 00 C4 00 01 01 01 00 9D 02 79 02 91 02 C0 02 91 02 9B 02 00 00 00 00 00 01 00 00 96 00 00 00 60 79 18 00 01 00 16 00 31 00 00 00 07 01 01 03 03 03 04 00 01 01 01 01 01 01 01 00 08 00 00 00 B1 A2 02 00 00 00 00 00 00 00 00 00 00 00 00 00 00 00 00 00 00 00 00 00 00 00 00 00 00 00 00 00 00 00 00 00 00 00 00 00 00 00 00 00 00 00 00 00 00 00 00 00 00 00 00 00 00 00 00 00 00 00 00 00 00 00 00 00 00 00 00 00 00 00 00 00 00 00 00 00 00 00 00 00 00 00 00 00 00 00 00 00 00 00 00 00 00 00 00 00 00 00 00 00 00 00 00 00 00 00 00 00 00 00 00 00 00 00 00 00 00 00 00 00 00 00 00 00 00 00 00 00 00 00 00 00 00 00 00 00 00 00 00 00 00 00 00 00 00 00 00 00 00 00 00 00 00 00 00 00 00 00 00 00 00 00 00 00 00 00 00 00 00 00 00 00 00 00 00 00 00 00 00 00 00 00 00 00 00 00 00 00 00 00 00 00 00 00 00 00 00 00 00 00 00 00 00 00 00 00 00 00 00 00 00 00 00 00 00 00 00 00 00 00 00 00 00 00 00 00 00 00 00 00 00 00 00 00 00 00 00 00 00 00 00 00 00 00 00 00 00 00 00 00 00 00 00 00 00 00 00 00 00 00 00 00 00 00 00 00 00 00 00 00 00 00 00 00 00 00 00 00 00 00 00 00 00 00 00 00 00 00 00 00 00 00 00 00 00 00 00 00 00 00 00 00 00 00 00 00 00 00 00 00 00 00 00 00 00 00 00 00 00 00 00 00 00 00 00 00 00 00 00 00 00 00 00 00 00 00 00 00 00 00 00 00 00 00 00 00 00 00 00 00 00 00 00 00 00 00 00 00 00 00 00 00 00 00 00 00 00 00 00 00 00 00 00 00 00 00 00 00 00 00 00 00 00 00 00 00 00 00 00 00 
