================= REPORT SAVE =================

[CCSDS HEADER]
MsgId      : 0x0825
Seq        : 0xC000
Len        : 0x0215
TimeCode   : 00 D4 34 C8 5D 55
Padding    : 0x00000000

[REPORT BODY]
Reflected MID  : 0x1875
Reflected CC   : 0x1A
RetType        : 0x05
RetCode        : 0
RetValSize     : 124

================= PARSED BY MID/CC =================
ReflectedMID : 0x1875
ReflectedCC  : 0x1A
PayloadLen   : 124

[EPS P60 ACU GET TABLE HK]

[Inputs]
c_in[0..5]: 122 133 125 122 15 13
v_in[0..5]: 16945 16936 16936 16913 15326 15471

[Bus/Temp]
vbat: 16285
vcc : 3279
temp[0..2]: 117 116 116

[MPPT]
mppt_mode: 1
vboost[0..5]: 18467 18763 17177 17956 18091 18037
power[0..5]: 2067 2252 2117 2063 229 201

[DAC]
dac_en[0..2]: 1 1 1
dac_val[0..5]: 685 700 637 666 673 669

[Boot/Time]
bootcause : 0
bootcnt   : 1
uptime    : 152
resetcause: 0x8F12

[MPPT Timing]
mppt_time  : 2
mppt_period: 1

[Device]
device_type[0..7]: 22 0 49 0 0 0 7 1
device_status[0..7]: 1 3 3 3 4 0 1 1

[WDT]
wdt_cnt_gnd : 65793
wdt_gnd_left: 8

[PAYLOAD HEX]
7A 00 85 00 7D 00 7A 00 0F 00 0D 00 31 42 28 42 
28 42 11 42 DE 3B 6F 3C 9D 3F CF 0C 75 00 74 00 
74 00 01 00 23 48 4B 49 19 43 24 46 AB 46 75 46 
13 08 CC 08 45 08 0F 08 E5 00 C9 00 01 01 01 00 
AD 02 BC 02 7D 02 9A 02 A1 02 9D 02 00 00 00 00 
01 00 00 00 98 00 00 00 12 8F 02 00 01 00 16 00 
31 00 00 00 07 01 01 03 03 03 04 00 01 01 01 01 
01 01 01 00 08 00 00 00 CC A2 02 00 

[RETURN VALUE]
7A 00 85 00 7D 00 7A 00 0F 00 0D 00 31 42 28 42 
28 42 11 42 DE 3B 6F 3C 9D 3F CF 0C 75 00 74 00 
74 00 01 00 23 48 4B 49 19 43 24 46 AB 46 75 46 
13 08 CC 08 45 08 0F 08 E5 00 C9 00 01 01 01 00 
AD 02 BC 02 7D 02 9A 02 A1 02 9D 02 00 00 00 00 
01 00 00 00 98 00 00 00 12 8F 02 00 01 00 16 00 
31 00 00 00 07 01 01 03 03 03 04 00 01 01 01 01 
01 01 01 00 08 00 00 00 CC A2 02 00 

[BINARY DATA]
25 08 00 C0 15 02 00 D4 34 C8 5D 55 00 00 00 00 75 18 1A 05 00 00 00 00 7C 00 7A 00 85 00 7D 00 7A 00 0F 00 0D 00 31 42 28 42 28 42 11 42 DE 3B 6F 3C 9D 3F CF 0C 75 00 74 00 74 00 01 00 23 48 4B 49 19 43 24 46 AB 46 75 46 13 08 CC 08 45 08 0F 08 E5 00 C9 00 01 01 01 00 AD 02 BC 02 7D 02 9A 02 A1 02 9D 02 00 00 00 00 01 00 00 00 98 00 00 00 12 8F 02 00 01 00 16 00 31 00 00 00 07 01 01 03 03 03 04 00 01 01 01 01 01 01 01 00 08 00 00 00 CC A2 02 00 00 00 00 00 00 00 00 00 00 00 00 00 00 00 00 00 00 00 00 00 00 00 00 00 00 00 00 00 00 00 00 00 00 00 00 00 00 00 00 00 00 00 00 00 00 00 00 00 00 00 00 00 00 00 00 00 00 00 00 00 00 00 00 00 00 00 00 00 00 00 00 00 00 00 00 00 00 00 00 00 00 00 00 00 00 00 00 00 00 00 00 00 00 00 00 00 00 00 00 00 00 00 00 00 00 00 00 00 00 00 00 00 00 00 00 00 00 00 00 00 00 00 00 00 00 00 00 00 00 00 00 00 00 00 00 00 00 00 00 00 00 00 00 00 00 00 00 00 00 00 00 00 00 00 00 00 00 00 00 00 00 00 00 00 00 00 00 00 00 00 00 00 00 00 00 00 00 00 00 00 00 00 00 00 00 00 00 00 00 00 00 00 00 00 00 00 00 00 00 00 00 00 00 00 00 00 00 00 00 00 00 00 00 00 00 00 00 00 00 00 00 00 00 00 00 00 00 00 00 00 00 00 00 00 00 00 00 00 00 00 00 00 00 00 00 00 00 00 00 00 00 00 00 00 00 00 00 00 00 00 00 00 00 00 00 00 00 00 00 00 00 00 00 00 00 00 00 00 00 00 00 00 00 00 00 00 00 00 00 00 00 00 00 00 00 00 00 00 00 00 00 00 00 00 00 00 00 00 00 00 00 00 00 00 00 00 00 00 00 00 00 00 00 00 00 00 00 00 00 00 00 00 00 00 00 00 00 00 00 00 00 00 00 00 00 00 00 00 00 00 00 00 00 00 00 00 00 00 00 00 00 00 00 00 00 00 00 00 00 00 00 00 00 00 00 00 00 00 00 00 00 00 00 00 00 00 00 00 00 00 
