================= REPORT SAVE =================

[CCSDS HEADER]
MsgId      : 0x0825
Seq        : 0xC000
Len        : 0x0215
TimeCode   : 00 D3 9C A8 C1 44
Padding    : 0x00000000

[REPORT BODY]
Reflected MID  : 0x1875
Reflected CC   : 0x1A
RetType        : 0x05
RetCode        : 0
RetValSize     : 124

================= PARSED BY MID/CC =================
ReflectedMID : 0x1875
ReflectedCC  : 0x1A
PayloadLen   : 124

[EPS P60 ACU GET TABLE HK]

[Inputs]
c_in[0..5]: 76 82 124 117 15 13
v_in[0..5]: 16876 16853 16867 16844 16237 15873

[Bus/Temp]
vbat: 16253
vcc : 3279
temp[0..2]: 182 183 185

[MPPT]
mppt_mode: 1
vboost[0..5]: 17715 18145 17607 18333 17930 17876
power[0..5]: 1282 1381 2091 1970 243 206

[DAC]
dac_en[0..2]: 1 1 1
dac_val[0..5]: 653 675 657 684 667 675

[Boot/Time]
bootcause : 0
bootcnt   : 1
uptime    : 152
resetcause: 0xF6DF

[MPPT Timing]
mppt_time  : 1
mppt_period: 1

[Device]
device_type[0..7]: 22 0 49 0 0 0 7 1
device_status[0..7]: 1 3 3 3 4 0 1 1

[WDT]
wdt_cnt_gnd : 65793
wdt_gnd_left: 8

[PAYLOAD HEX]
4C 00 52 00 7C 00 75 00 0F 00 0D 00 EC 41 D5 41 
E3 41 CC 41 6D 3F 01 3E 7D 3F CF 0C B6 00 B7 00 
B9 00 01 00 33 45 E1 46 C7 44 9D 47 0A 46 D4 45 
02 05 65 05 2B 08 B2 07 F3 00 CE 00 01 01 01 00 
8D 02 A3 02 91 02 AC 02 9B 02 A3 02 00 00 00 00 
01 00 00 00 98 00 00 00 DF F6 01 00 01 00 16 00 
31 00 00 00 07 01 01 03 03 03 04 00 01 01 01 01 
01 01 01 00 08 00 00 00 B6 FD 01 00 

[RETURN VALUE]
4C 00 52 00 7C 00 75 00 0F 00 0D 00 EC 41 D5 41 
E3 41 CC 41 6D 3F 01 3E 7D 3F CF 0C B6 00 B7 00 
B9 00 01 00 33 45 E1 46 C7 44 9D 47 0A 46 D4 45 
02 05 65 05 2B 08 B2 07 F3 00 CE 00 01 01 01 00 
8D 02 A3 02 91 02 AC 02 9B 02 A3 02 00 00 00 00 
01 00 00 00 98 00 00 00 DF F6 01 00 01 00 16 00 
31 00 00 00 07 01 01 03 03 03 04 00 01 01 01 01 
01 01 01 00 08 00 00 00 B6 FD 01 00 

[BINARY DATA]
25 08 00 C0 15 02 00 D3 9C A8 C1 44 00 00 00 00 75 18 1A 05 00 00 00 00 7C 00 4C 00 52 00 7C 00 75 00 0F 00 0D 00 EC 41 D5 41 E3 41 CC 41 6D 3F 01 3E 7D 3F CF 0C B6 00 B7 00 B9 00 01 00 33 45 E1 46 C7 44 9D 47 0A 46 D4 45 02 05 65 05 2B 08 B2 07 F3 00 CE 00 01 01 01 00 8D 02 A3 02 91 02 AC 02 9B 02 A3 02 00 00 00 00 01 00 00 00 98 00 00 00 DF F6 01 00 01 00 16 00 31 00 00 00 07 01 01 03 03 03 04 00 01 01 01 01 01 01 01 00 08 00 00 00 B6 FD 01 00 00 00 00 00 00 00 00 00 00 00 00 00 00 00 00 00 00 00 00 00 00 00 00 00 00 00 00 00 00 00 00 00 00 00 00 00 00 00 00 00 00 00 00 00 00 00 00 00 00 00 00 00 00 00 00 00 00 00 00 00 00 00 00 00 00 00 00 00 00 00 00 00 00 00 00 00 00 00 00 00 00 00 00 00 00 00 00 00 00 00 00 00 00 00 00 00 00 00 00 00 00 00 00 00 00 00 00 00 00 00 00 00 00 00 00 00 00 00 00 00 00 00 00 00 00 00 00 00 00 00 00 00 00 00 00 00 00 00 00 00 00 00 00 00 00 00 00 00 00 00 00 00 00 00 00 00 00 00 00 00 00 00 00 00 00 00 00 00 00 00 00 00 00 00 00 00 00 00 00 00 00 00 00 00 00 00 00 00 00 00 00 00 00 00 00 00 00 00 00 00 00 00 00 00 00 00 00 00 00 00 00 00 00 00 00 00 00 00 00 00 00 00 00 00 00 00 00 00 00 00 00 00 00 00 00 00 00 00 00 00 00 00 00 00 00 00 00 00 00 00 00 00 00 00 00 00 00 00 00 00 00 00 00 00 00 00 00 00 00 00 00 00 00 00 00 00 00 00 00 00 00 00 00 00 00 00 00 00 00 00 00 00 00 00 00 00 00 00 00 00 00 00 00 00 00 00 00 00 00 00 00 00 00 00 00 00 00 00 00 00 00 00 00 00 00 00 00 00 00 00 00 00 00 00 00 00 00 00 00 00 00 00 00 00 00 00 00 00 00 00 00 00 00 00 00 00 00 00 00 00 00 00 00 00 00 00 00 00 00 00 00 00 00 00 00 00 00 00 00 00 00 00 00 00 00 00 00 00 00 00 
