================= REPORT SAVE =================

[CCSDS HEADER]
MsgId      : 0x0825
Seq        : 0xC000
Len        : 0x0215
TimeCode   : 00 B9 F8 F7 40 C5
Padding    : 0x00000000

[REPORT BODY]
Reflected MID  : 0x1875
Reflected CC   : 0x1A
RetType        : 0x05
RetCode        : 0
RetValSize     : 124

================= PARSED BY MID/CC =================
ReflectedMID : 0x1875
ReflectedCC  : 0x1A
PayloadLen   : 124

[EPS P60 ACU GET TABLE HK]

[Inputs]
c_in[0..5]: 283 284 346 337 15 12
v_in[0..5]: 16390 16452 16480 16416 15947 16332

[Bus/Temp]
vbat: 16316
vcc : 3279
temp[0..2]: 170 170 170

[MPPT]
mppt_mode: 1
vboost[0..5]: 16801 16774 16774 16774 16801 16801
power[0..5]: 4638 4672 5702 5532 239 195

[DAC]
dac_en[0..2]: 1 1 1
dac_val[0..5]: 623 623 623 623 623 623

[Boot/Time]
bootcause : 0
bootcnt   : 256
uptime    : 150
resetcause: 0x79E3

[MPPT Timing]
mppt_time  : 24
mppt_period: 1

[Device]
device_type[0..7]: 22 0 49 0 0 0 7 1
device_status[0..7]: 1 3 3 3 4 0 1 1

[WDT]
wdt_cnt_gnd : 65793
wdt_gnd_left: 8

[PAYLOAD HEX]
1B 01 1C 01 5A 01 51 01 0F 00 0C 00 06 40 44 40 
60 40 20 40 4B 3E CC 3F BC 3F CF 0C AA 00 AA 00 
AA 00 01 00 A1 41 86 41 86 41 86 41 A1 41 A1 41 
1E 12 40 12 46 16 9C 15 EF 00 C3 00 01 01 01 00 
6F 02 6F 02 6F 02 6F 02 6F 02 6F 02 00 00 00 00 
00 01 00 00 96 00 00 00 E3 79 18 00 01 00 16 00 
31 00 00 00 07 01 01 03 03 03 04 00 01 01 01 01 
01 01 01 00 08 00 00 00 2E A2 02 00 

[RETURN VALUE]
1B 01 1C 01 5A 01 51 01 0F 00 0C 00 06 40 44 40 
60 40 20 40 4B 3E CC 3F BC 3F CF 0C AA 00 AA 00 
AA 00 01 00 A1 41 86 41 86 41 86 41 A1 41 A1 41 
1E 12 40 12 46 16 9C 15 EF 00 C3 00 01 01 01 00 
6F 02 6F 02 6F 02 6F 02 6F 02 6F 02 00 00 00 00 
00 01 00 00 96 00 00 00 E3 79 18 00 01 00 16 00 
31 00 00 00 07 01 01 03 03 03 04 00 01 01 01 01 
01 01 01 00 08 00 00 00 2E A2 02 00 

[BINARY DATA]
25 08 00 C0 15 02 00 B9 F8 F7 40 C5 00 00 00 00 75 18 1A 05 00 00 00 00 7C 00 1B 01 1C 01 5A 01 51 01 0F 00 0C 00 06 40 44 40 60 40 20 40 4B 3E CC 3F BC 3F CF 0C AA 00 AA 00 AA 00 01 00 A1 41 86 41 86 41 86 41 A1 41 A1 41 1E 12 40 12 46 16 9C 15 EF 00 C3 00 01 01 01 00 6F 02 6F 02 6F 02 6F 02 6F 02 6F 02 00 00 00 00 00 01 00 00 96 00 00 00 E3 79 18 00 01 00 16 00 31 00 00 00 07 01 01 03 03 03 04 00 01 01 01 01 01 01 01 00 08 00 00 00 2E A2 02 00 00 00 00 00 00 00 00 00 00 00 00 00 00 00 00 00 00 00 00 00 00 00 00 00 00 00 00 00 00 00 00 00 00 00 00 00 00 00 00 00 00 00 00 00 00 00 00 00 00 00 00 00 00 00 00 00 00 00 00 00 00 00 00 00 00 00 00 00 00 00 00 00 00 00 00 00 00 00 00 00 00 00 00 00 00 00 00 00 00 00 00 00 00 00 00 00 00 00 00 00 00 00 00 00 00 00 00 00 00 00 00 00 00 00 00 00 00 00 00 00 00 00 00 00 00 00 00 00 00 00 00 00 00 00 00 00 00 00 00 00 00 00 00 00 00 00 00 00 00 00 00 00 00 00 00 00 00 00 00 00 00 00 00 00 00 00 00 00 00 00 00 00 00 00 00 00 00 00 00 00 00 00 00 00 00 00 00 00 00 00 00 00 00 00 00 00 00 00 00 00 00 00 00 00 00 00 00 00 00 00 00 00 00 00 00 00 00 00 00 00 00 00 00 00 00 00 00 00 00 00 00 00 00 00 00 00 00 00 00 00 00 00 00 00 00 00 00 00 00 00 00 00 00 00 00 00 00 00 00 00 00 00 00 00 00 00 00 00 00 00 00 00 00 00 00 00 00 00 00 00 00 00 00 00 00 00 00 00 00 00 00 00 00 00 00 00 00 00 00 00 00 00 00 00 00 00 00 00 00 00 00 00 00 00 00 00 00 00 00 00 00 00 00 00 00 00 00 00 00 00 00 00 00 00 00 00 00 00 00 00 00 00 00 00 00 00 00 00 00 00 00 00 00 00 00 00 00 00 00 00 00 00 00 00 00 00 00 00 00 00 00 00 00 00 00 00 00 00 00 00 00 00 00 00 00 00 00 00 00 00 
