================= REPORT SAVE =================

[CCSDS HEADER]
MsgId      : 0x0825
Seq        : 0xC000
Len        : 0x0215
TimeCode   : 00 CD AB 04 96 94
Padding    : 0x00000000

[REPORT BODY]
Reflected MID  : 0x1875
Reflected CC   : 0x1C
RetType        : 0x05
RetCode        : -2001
RetValSize     : 108

================= PARSED BY MID/CC =================
ReflectedMID : 0x1875
ReflectedCC  : 0x1C
PayloadLen   : 108

[EPS P60] Unknown CC: 0x1C

[PAYLOAD HEX]
C4 09 E7 B6 F1 8F 4E 40 2D 5B CC 41 74 D1 35 41 
D0 21 35 41 D0 21 35 41 A5 BA 34 41 A5 BA 34 41 
88 F1 35 41 9F 93 69 3F 6D 26 70 3F A7 6E 6A 3F 
10 EB 6D 3F B4 26 69 3F 99 40 6F 3F 05 00 00 3E 
00 00 00 00 00 00 00 00 00 00 00 00 D0 2F 7B B5 
00 00 00 00 00 00 00 00 00 00 00 00 00 00 00 00 
00 00 00 00 00 00 00 00 00 00 00 00 

[RETURN VALUE]
C4 09 E7 B6 F1 8F 4E 40 2D 5B CC 41 74 D1 35 41 
D0 21 35 41 D0 21 35 41 A5 BA 34 41 A5 BA 34 41 
88 F1 35 41 9F 93 69 3F 6D 26 70 3F A7 6E 6A 3F 
10 EB 6D 3F B4 26 69 3F 99 40 6F 3F 05 00 00 3E 
00 00 00 00 00 00 00 00 00 00 00 00 D0 2F 7B B5 
00 00 00 00 00 00 00 00 00 00 00 00 00 00 00 00 
00 00 00 00 00 00 00 00 00 00 00 00 

[BINARY DATA]
25 08 00 C0 15 02 00 CD AB 04 96 94 00 00 00 00 75 18 1C 05 2F F8 FF FF 6C 00 C4 09 E7 B6 F1 8F 4E 40 2D 5B CC 41 74 D1 35 41 D0 21 35 41 D0 21 35 41 A5 BA 34 41 A5 BA 34 41 88 F1 35 41 9F 93 69 3F 6D 26 70 3F A7 6E 6A 3F 10 EB 6D 3F B4 26 69 3F 99 40 6F 3F 05 00 00 3E 00 00 00 00 00 00 00 00 00 00 00 00 D0 2F 7B B5 00 00 00 00 00 00 00 00 00 00 00 00 00 00 00 00 00 00 00 00 00 00 00 00 00 00 00 00 00 00 00 00 00 00 00 00 00 00 00 00 00 00 00 00 00 00 00 00 00 00 00 00 00 00 00 00 00 00 00 00 00 00 00 00 00 00 00 00 00 00 00 00 00 00 00 00 00 00 00 00 00 00 00 00 00 00 00 00 00 00 00 00 00 00 00 00 00 00 00 00 00 00 00 00 00 00 00 00 00 00 00 00 00 00 00 00 00 00 00 00 00 00 00 00 00 00 00 00 00 00 00 00 00 00 00 00 00 00 00 00 00 00 00 00 00 00 00 00 00 00 00 00 00 00 00 00 00 00 00 00 00 00 00 00 00 00 00 00 00 00 00 00 00 00 00 00 00 00 00 00 00 00 00 00 00 00 00 00 00 00 00 00 00 00 00 00 00 00 00 00 00 00 00 00 00 00 00 00 00 00 00 00 00 00 00 00 00 00 00 00 00 00 00 00 00 00 00 00 00 00 00 00 00 00 00 00 00 00 00 00 00 00 00 00 00 00 00 00 00 00 00 00 00 00 00 00 00 00 00 00 00 00 00 00 00 00 00 00 00 00 00 00 00 00 00 00 00 00 00 00 00 00 00 00 00 00 00 00 00 00 00 00 00 00 00 00 00 00 00 00 00 00 00 00 00 00 00 00 00 00 00 00 00 00 00 00 00 00 00 00 00 00 00 00 00 00 00 00 00 00 00 00 00 00 00 00 00 00 00 00 00 00 00 00 00 00 00 00 00 00 00 00 00 00 00 00 00 00 00 00 00 00 00 00 00 00 00 00 00 00 00 00 00 00 00 00 00 00 00 00 00 00 00 00 00 00 00 00 00 00 00 00 00 00 00 00 00 00 00 00 00 00 00 00 00 00 00 00 00 00 00 00 00 00 00 00 00 00 00 00 00 00 00 00 00 00 00 00 00 00 00 00 00 00 
