================= REPORT SAVE =================

[CCSDS HEADER]
MsgId      : 0x0825
Seq        : 0xC000
Len        : 0x0215
TimeCode   : 00 C4 66 8B 08 C5
Padding    : 0x00000000

[REPORT BODY]
Reflected MID  : 0x1875
Reflected CC   : 0x1A
RetType        : 0x05
RetCode        : 0
RetValSize     : 124

================= PARSED BY MID/CC =================
ReflectedMID : 0x1875
ReflectedCC  : 0x1A
PayloadLen   : 124

[EPS P60 ACU GET TABLE HK]

[Inputs]
c_in[0..5]: 123 138 126 122 15 13
v_in[0..5]: 16876 16853 16853 16830 14153 14457

[Bus/Temp]
vbat: 16222
vcc : 3275
temp[0..2]: 205 204 205

[MPPT]
mppt_mode: 1
vboost[0..5]: 18306 17069 17446 18440 17876 17983
power[0..5]: 2075 2325 2123 2053 212 187

[DAC]
dac_en[0..2]: 1 1 1
dac_val[0..5]: 683 637 649 686 665 671

[Boot/Time]
bootcause : 0
bootcnt   : 256
uptime    : 150
resetcause: 0xE8BE

[MPPT Timing]
mppt_time  : 34
mppt_period: 1

[Device]
device_type[0..7]: 22 0 49 0 0 0 7 1
device_status[0..7]: 1 3 3 3 4 0 1 1

[WDT]
wdt_cnt_gnd : 65793
wdt_gnd_left: 8

[PAYLOAD HEX]
7B 00 8A 00 7E 00 7A 00 0F 00 0D 00 EC 41 D5 41 
D5 41 BE 41 49 37 79 38 5E 3F CB 0C CD 00 CC 00 
CD 00 01 00 82 47 AD 42 26 44 08 48 D4 45 3F 46 
1B 08 15 09 4B 08 05 08 D4 00 BB 00 01 01 01 00 
AB 02 7D 02 89 02 AE 02 99 02 9F 02 00 00 00 00 
00 01 00 00 96 00 00 00 BE E8 22 00 01 00 16 00 
31 00 00 00 07 01 01 03 03 03 04 00 01 01 01 01 
01 01 01 00 08 00 00 00 77 A2 02 00 

[RETURN VALUE]
7B 00 8A 00 7E 00 7A 00 0F 00 0D 00 EC 41 D5 41 
D5 41 BE 41 49 37 79 38 5E 3F CB 0C CD 00 CC 00 
CD 00 01 00 82 47 AD 42 26 44 08 48 D4 45 3F 46 
1B 08 15 09 4B 08 05 08 D4 00 BB 00 01 01 01 00 
AB 02 7D 02 89 02 AE 02 99 02 9F 02 00 00 00 00 
00 01 00 00 96 00 00 00 BE E8 22 00 01 00 16 00 
31 00 00 00 07 01 01 03 03 03 04 00 01 01 01 01 
01 01 01 00 08 00 00 00 77 A2 02 00 

[BINARY DATA]
25 08 00 C0 15 02 00 C4 66 8B 08 C5 00 00 00 00 75 18 1A 05 00 00 00 00 7C 00 7B 00 8A 00 7E 00 7A 00 0F 00 0D 00 EC 41 D5 41 D5 41 BE 41 49 37 79 38 5E 3F CB 0C CD 00 CC 00 CD 00 01 00 82 47 AD 42 26 44 08 48 D4 45 3F 46 1B 08 15 09 4B 08 05 08 D4 00 BB 00 01 01 01 00 AB 02 7D 02 89 02 AE 02 99 02 9F 02 00 00 00 00 00 01 00 00 96 00 00 00 BE E8 22 00 01 00 16 00 31 00 00 00 07 01 01 03 03 03 04 00 01 01 01 01 01 01 01 00 08 00 00 00 77 A2 02 00 00 00 00 00 00 00 00 00 00 00 00 00 00 00 00 00 00 00 00 00 00 00 00 00 00 00 00 00 00 00 00 00 00 00 00 00 00 00 00 00 00 00 00 00 00 00 00 00 00 00 00 00 00 00 00 00 00 00 00 00 00 00 00 00 00 00 00 00 00 00 00 00 00 00 00 00 00 00 00 00 00 00 00 00 00 00 00 00 00 00 00 00 00 00 00 00 00 00 00 00 00 00 00 00 00 00 00 00 00 00 00 00 00 00 00 00 00 00 00 00 00 00 00 00 00 00 00 00 00 00 00 00 00 00 00 00 00 00 00 00 00 00 00 00 00 00 00 00 00 00 00 00 00 00 00 00 00 00 00 00 00 00 00 00 00 00 00 00 00 00 00 00 00 00 00 00 00 00 00 00 00 00 00 00 00 00 00 00 00 00 00 00 00 00 00 00 00 00 00 00 00 00 00 00 00 00 00 00 00 00 00 00 00 00 00 00 00 00 00 00 00 00 00 00 00 00 00 00 00 00 00 00 00 00 00 00 00 00 00 00 00 00 00 00 00 00 00 00 00 00 00 00 00 00 00 00 00 00 00 00 00 00 00 00 00 00 00 00 00 00 00 00 00 00 00 00 00 00 00 00 00 00 00 00 00 00 00 00 00 00 00 00 00 00 00 00 00 00 00 00 00 00 00 00 00 00 00 00 00 00 00 00 00 00 00 00 00 00 00 00 00 00 00 00 00 00 00 00 00 00 00 00 00 00 00 00 00 00 00 00 00 00 00 00 00 00 00 00 00 00 00 00 00 00 00 00 00 00 00 00 00 00 00 00 00 00 00 00 00 00 00 00 00 00 00 00 00 00 00 00 00 00 00 00 00 00 00 00 00 00 
