================= REPORT SAVE =================

[CCSDS HEADER]
MsgId      : 0x0825
Seq        : 0xC000
Len        : 0x0215
TimeCode   : 00 D4 4A FC 19 35
Padding    : 0x00000000

[REPORT BODY]
Reflected MID  : 0x1875
Reflected CC   : 0x1A
RetType        : 0x05
RetCode        : 0
RetValSize     : 124

================= PARSED BY MID/CC =================
ReflectedMID : 0x1875
ReflectedCC  : 0x1A
PayloadLen   : 124

[EPS P60 ACU GET TABLE HK]

[Inputs]
c_in[0..5]: 56 66 74 69 15 13
v_in[0..5]: 16903 16881 16881 16857 15312 15498

[Bus/Temp]
vbat: 16253
vcc : 3279
temp[0..2]: 110 111 112

[MPPT]
mppt_mode: 1
vboost[0..5]: 17876 18817 18091 18870 17930 17930
power[0..5]: 946 1114 1249 1163 229 201

[DAC]
dac_en[0..2]: 1 1 1
dac_val[0..5]: 665 700 673 702 667 667

[Boot/Time]
bootcause : 0
bootcnt   : 1
uptime    : 152
resetcause: 0xA548

[MPPT Timing]
mppt_time  : 2
mppt_period: 1

[Device]
device_type[0..7]: 22 0 49 0 0 0 7 1
device_status[0..7]: 1 3 3 3 4 0 1 1

[WDT]
wdt_cnt_gnd : 65793
wdt_gnd_left: 8

[PAYLOAD HEX]
38 00 42 00 4A 00 45 00 0F 00 0D 00 07 42 F1 41 
F1 41 D9 41 D0 3B 8A 3C 7D 3F CF 0C 6E 00 6F 00 
70 00 01 00 D4 45 81 49 AB 46 B6 49 0A 46 0A 46 
B2 03 5A 04 E1 04 8B 04 E5 00 C9 00 01 01 01 00 
99 02 BC 02 A1 02 BE 02 9B 02 9B 02 00 00 00 00 
01 00 00 00 98 00 00 00 48 A5 02 00 01 00 16 00 
31 00 00 00 07 01 01 03 03 03 04 00 01 01 01 01 
01 01 01 00 08 00 00 00 96 8C 02 00 

[RETURN VALUE]
38 00 42 00 4A 00 45 00 0F 00 0D 00 07 42 F1 41 
F1 41 D9 41 D0 3B 8A 3C 7D 3F CF 0C 6E 00 6F 00 
70 00 01 00 D4 45 81 49 AB 46 B6 49 0A 46 0A 46 
B2 03 5A 04 E1 04 8B 04 E5 00 C9 00 01 01 01 00 
99 02 BC 02 A1 02 BE 02 9B 02 9B 02 00 00 00 00 
01 00 00 00 98 00 00 00 48 A5 02 00 01 00 16 00 
31 00 00 00 07 01 01 03 03 03 04 00 01 01 01 01 
01 01 01 00 08 00 00 00 96 8C 02 00 

[BINARY DATA]
25 08 00 C0 15 02 00 D4 4A FC 19 35 00 00 00 00 75 18 1A 05 00 00 00 00 7C 00 38 00 42 00 4A 00 45 00 0F 00 0D 00 07 42 F1 41 F1 41 D9 41 D0 3B 8A 3C 7D 3F CF 0C 6E 00 6F 00 70 00 01 00 D4 45 81 49 AB 46 B6 49 0A 46 0A 46 B2 03 5A 04 E1 04 8B 04 E5 00 C9 00 01 01 01 00 99 02 BC 02 A1 02 BE 02 9B 02 9B 02 00 00 00 00 01 00 00 00 98 00 00 00 48 A5 02 00 01 00 16 00 31 00 00 00 07 01 01 03 03 03 04 00 01 01 01 01 01 01 01 00 08 00 00 00 96 8C 02 00 00 00 00 00 00 00 00 00 00 00 00 00 00 00 00 00 00 00 00 00 00 00 00 00 00 00 00 00 00 00 00 00 00 00 00 00 00 00 00 00 00 00 00 00 00 00 00 00 00 00 00 00 00 00 00 00 00 00 00 00 00 00 00 00 00 00 00 00 00 00 00 00 00 00 00 00 00 00 00 00 00 00 00 00 00 00 00 00 00 00 00 00 00 00 00 00 00 00 00 00 00 00 00 00 00 00 00 00 00 00 00 00 00 00 00 00 00 00 00 00 00 00 00 00 00 00 00 00 00 00 00 00 00 00 00 00 00 00 00 00 00 00 00 00 00 00 00 00 00 00 00 00 00 00 00 00 00 00 00 00 00 00 00 00 00 00 00 00 00 00 00 00 00 00 00 00 00 00 00 00 00 00 00 00 00 00 00 00 00 00 00 00 00 00 00 00 00 00 00 00 00 00 00 00 00 00 00 00 00 00 00 00 00 00 00 00 00 00 00 00 00 00 00 00 00 00 00 00 00 00 00 00 00 00 00 00 00 00 00 00 00 00 00 00 00 00 00 00 00 00 00 00 00 00 00 00 00 00 00 00 00 00 00 00 00 00 00 00 00 00 00 00 00 00 00 00 00 00 00 00 00 00 00 00 00 00 00 00 00 00 00 00 00 00 00 00 00 00 00 00 00 00 00 00 00 00 00 00 00 00 00 00 00 00 00 00 00 00 00 00 00 00 00 00 00 00 00 00 00 00 00 00 00 00 00 00 00 00 00 00 00 00 00 00 00 00 00 00 00 00 00 00 00 00 00 00 00 00 00 00 00 00 00 00 00 00 00 00 00 00 00 00 00 00 00 00 00 00 00 00 00 00 00 00 00 00 00 00 00 00 
