================= REPORT SAVE =================

[CCSDS HEADER]
MsgId      : 0x0825
Seq        : 0xC000
Len        : 0x0215
TimeCode   : 00 CE E8 11 F4 93
Padding    : 0x00000000

[REPORT BODY]
Reflected MID  : 0x1865
Reflected CC   : 0x43
RetType        : 0x00
RetCode        : 0
RetValSize     : 42

================= PARSED BY MID/CC =================
ReflectedMID : 0x1865
ReflectedCC  : 0x43
PayloadLen   : 42

[UNKNOWN MID] No parser for ReflectedMID=0x1865

[PAYLOAD HEX]
DF AA 66 3E 59 A7 72 3E 1B 45 0B 3E 47 7B FF B8 
16 C4 8B 39 29 E3 9B 3A 00 00 00 00 F0 D8 00 00 
00 00 10 27 00 00 00 00 F0 D8 

[RETURN VALUE]
DF AA 66 3E 59 A7 72 3E 1B 45 0B 3E 47 7B FF B8 
16 C4 8B 39 29 E3 9B 3A 00 00 00 00 F0 D8 00 00 
00 00 10 27 00 00 00 00 F0 D8 

[BINARY DATA]
25 08 00 C0 15 02 00 CE E8 11 F4 93 00 00 00 00 65 18 43 00 00 00 00 00 2A 00 DF AA 66 3E 59 A7 72 3E 1B 45 0B 3E 47 7B FF B8 16 C4 8B 39 29 E3 9B 3A 00 00 00 00 F0 D8 00 00 00 00 10 27 00 00 00 00 F0 D8 00 00 00 00 00 00 00 00 00 00 00 00 00 00 00 00 00 00 00 00 00 00 00 00 00 00 00 00 00 00 00 00 00 00 00 00 00 00 00 00 00 00 00 00 00 00 00 00 00 00 00 00 00 00 00 00 00 00 00 00 00 00 00 00 00 00 00 00 00 00 00 00 00 00 00 00 00 00 00 00 00 00 00 00 00 00 00 00 00 00 00 00 00 00 00 00 00 00 00 00 00 00 00 00 00 00 00 00 00 00 00 00 00 00 00 00 00 00 00 00 00 00 00 00 00 00 00 00 00 00 00 00 00 00 00 00 00 00 00 00 00 00 00 00 00 00 00 00 00 00 00 00 00 00 00 00 00 00 00 00 00 00 00 00 00 00 00 00 00 00 00 00 00 00 00 00 00 00 00 00 00 00 00 00 00 00 00 00 00 00 00 00 00 00 00 00 00 00 00 00 00 00 00 00 00 00 00 00 00 00 00 00 00 00 00 00 00 00 00 00 00 00 00 00 00 00 00 00 00 00 00 00 00 00 00 00 00 00 00 00 00 00 00 00 00 00 00 00 00 00 00 00 00 00 00 00 00 00 00 00 00 00 00 00 00 00 00 00 00 00 00 00 00 00 00 00 00 00 00 00 00 00 00 00 00 00 00 00 00 00 00 00 00 00 00 00 00 00 00 00 00 00 00 00 00 00 00 00 00 00 00 00 00 00 00 00 00 00 00 00 00 00 00 00 00 00 00 00 00 00 00 00 00 00 00 00 00 00 00 00 00 00 00 00 00 00 00 00 00 00 00 00 00 00 00 00 00 00 00 00 00 00 00 00 00 00 00 00 00 00 00 00 00 00 00 00 00 00 00 00 00 00 00 00 00 00 00 00 00 00 00 00 00 00 00 00 00 00 00 00 00 00 00 00 00 00 00 00 00 00 00 00 00 00 00 00 00 00 00 00 00 00 00 00 00 00 00 00 00 00 00 00 00 00 00 00 00 00 00 00 00 00 00 00 00 00 00 00 00 00 00 00 00 00 00 00 00 00 00 00 00 00 00 00 00 00 00 00 00 00 00 00 
