================= REPORT SAVE =================

[CCSDS HEADER]
MsgId      : 0x0825
Seq        : 0xC000
Len        : 0x0215
TimeCode   : 00 D2 F7 9B 23 3C
Padding    : 0x00000000

[REPORT BODY]
Reflected MID  : 0x1875
Reflected CC   : 0x1A
RetType        : 0x05
RetCode        : 0
RetValSize     : 124

================= PARSED BY MID/CC =================
ReflectedMID : 0x1875
ReflectedCC  : 0x1A
PayloadLen   : 124

[EPS P60 ACU GET TABLE HK]

[Inputs]
c_in[0..5]: 112 123 115 111 14 13
v_in[0..5]: 16945 16923 16923 16913 15726 15623

[Bus/Temp]
vbat: 16316
vcc : 3279
temp[0..2]: 100 100 101

[MPPT]
mppt_mode: 1
vboost[0..5]: 18844 17715 17876 18064 17876 17876
power[0..5]: 1897 2081 1946 1877 220 203

[DAC]
dac_en[0..2]: 1 1 1
dac_val[0..5]: 701 657 665 672 663 665

[Boot/Time]
bootcause : 0
bootcnt   : 1
uptime    : 152
resetcause: 0x51BD

[MPPT Timing]
mppt_time  : 1
mppt_period: 1

[Device]
device_type[0..7]: 22 0 49 0 0 0 7 1
device_status[0..7]: 1 3 3 3 4 0 1 1

[WDT]
wdt_cnt_gnd : 65793
wdt_gnd_left: 8

[PAYLOAD HEX]
70 00 7B 00 73 00 6F 00 0E 00 0D 00 31 42 1B 42 
1B 42 11 42 6E 3D 07 3D BC 3F CF 0C 64 00 64 00 
65 00 01 00 9C 49 33 45 D4 45 90 46 D4 45 D4 45 
69 07 21 08 9A 07 55 07 DC 00 CB 00 01 01 01 00 
BD 02 91 02 99 02 A0 02 97 02 99 02 00 00 00 00 
01 00 00 00 98 00 00 00 BD 51 01 00 01 00 16 00 
31 00 00 00 07 01 01 03 03 03 04 00 01 01 01 01 
01 01 01 00 08 00 00 00 D8 A2 02 00 

[RETURN VALUE]
70 00 7B 00 73 00 6F 00 0E 00 0D 00 31 42 1B 42 
1B 42 11 42 6E 3D 07 3D BC 3F CF 0C 64 00 64 00 
65 00 01 00 9C 49 33 45 D4 45 90 46 D4 45 D4 45 
69 07 21 08 9A 07 55 07 DC 00 CB 00 01 01 01 00 
BD 02 91 02 99 02 A0 02 97 02 99 02 00 00 00 00 
01 00 00 00 98 00 00 00 BD 51 01 00 01 00 16 00 
31 00 00 00 07 01 01 03 03 03 04 00 01 01 01 01 
01 01 01 00 08 00 00 00 D8 A2 02 00 

[BINARY DATA]
25 08 00 C0 15 02 00 D2 F7 9B 23 3C 00 00 00 00 75 18 1A 05 00 00 00 00 7C 00 70 00 7B 00 73 00 6F 00 0E 00 0D 00 31 42 1B 42 1B 42 11 42 6E 3D 07 3D BC 3F CF 0C 64 00 64 00 65 00 01 00 9C 49 33 45 D4 45 90 46 D4 45 D4 45 69 07 21 08 9A 07 55 07 DC 00 CB 00 01 01 01 00 BD 02 91 02 99 02 A0 02 97 02 99 02 00 00 00 00 01 00 00 00 98 00 00 00 BD 51 01 00 01 00 16 00 31 00 00 00 07 01 01 03 03 03 04 00 01 01 01 01 01 01 01 00 08 00 00 00 D8 A2 02 00 00 00 00 00 00 00 00 00 00 00 00 00 00 00 00 00 00 00 00 00 00 00 00 00 00 00 00 00 00 00 00 00 00 00 00 00 00 00 00 00 00 00 00 00 00 00 00 00 00 00 00 00 00 00 00 00 00 00 00 00 00 00 00 00 00 00 00 00 00 00 00 00 00 00 00 00 00 00 00 00 00 00 00 00 00 00 00 00 00 00 00 00 00 00 00 00 00 00 00 00 00 00 00 00 00 00 00 00 00 00 00 00 00 00 00 00 00 00 00 00 00 00 00 00 00 00 00 00 00 00 00 00 00 00 00 00 00 00 00 00 00 00 00 00 00 00 00 00 00 00 00 00 00 00 00 00 00 00 00 00 00 00 00 00 00 00 00 00 00 00 00 00 00 00 00 00 00 00 00 00 00 00 00 00 00 00 00 00 00 00 00 00 00 00 00 00 00 00 00 00 00 00 00 00 00 00 00 00 00 00 00 00 00 00 00 00 00 00 00 00 00 00 00 00 00 00 00 00 00 00 00 00 00 00 00 00 00 00 00 00 00 00 00 00 00 00 00 00 00 00 00 00 00 00 00 00 00 00 00 00 00 00 00 00 00 00 00 00 00 00 00 00 00 00 00 00 00 00 00 00 00 00 00 00 00 00 00 00 00 00 00 00 00 00 00 00 00 00 00 00 00 00 00 00 00 00 00 00 00 00 00 00 00 00 00 00 00 00 00 00 00 00 00 00 00 00 00 00 00 00 00 00 00 00 00 00 00 00 00 00 00 00 00 00 00 00 00 00 00 00 00 00 00 00 00 00 00 00 00 00 00 00 00 00 00 00 00 00 00 00 00 00 00 00 00 00 00 00 00 00 00 00 00 00 00 00 00 00 00 00 
