================= REPORT SAVE =================

[CCSDS HEADER]
MsgId      : 0x0825
Seq        : 0xC000
Len        : 0x0215
TimeCode   : 00 BA 9C EA A2 CF
Padding    : 0x00000000

[REPORT BODY]
Reflected MID  : 0x1875
Reflected CC   : 0x1A
RetType        : 0x05
RetCode        : 0
RetValSize     : 124

================= PARSED BY MID/CC =================
ReflectedMID : 0x1875
ReflectedCC  : 0x1A
PayloadLen   : 124

[EPS P60 ACU GET TABLE HK]

[Inputs]
c_in[0..5]: 10 19 16 21 17 20
v_in[0..5]: 305 317 331 344 386 361

[Bus/Temp]
vbat: 16191
vcc : 3275
temp[0..2]: 210 210 210

[MPPT]
mppt_mode: 1
vboost[0..5]: 17983 17983 18145 18145 18037 17983
power[0..5]: 3 6 5 7 6 7

[DAC]
dac_en[0..2]: 1 1 1
dac_val[0..5]: 669 669 673 675 671 665

[Boot/Time]
bootcause : 0
bootcnt   : 256
uptime    : 150
resetcause: 0x1DEB

[MPPT Timing]
mppt_time  : 25
mppt_period: 1

[Device]
device_type[0..7]: 22 0 49 0 0 0 7 1
device_status[0..7]: 1 3 3 3 4 0 1 1

[WDT]
wdt_cnt_gnd : 65793
wdt_gnd_left: 8

[PAYLOAD HEX]
0A 00 13 00 10 00 15 00 11 00 14 00 31 01 3D 01 
4B 01 58 01 82 01 69 01 3F 3F CB 0C D2 00 D2 00 
D2 00 01 00 3F 46 3F 46 E1 46 E1 46 75 46 3F 46 
03 00 06 00 05 00 07 00 06 00 07 00 01 01 01 00 
9D 02 9D 02 A1 02 A3 02 9F 02 99 02 00 00 00 00 
00 01 00 00 96 00 00 00 EB 1D 19 00 01 00 16 00 
31 00 00 00 07 01 01 03 03 03 04 00 01 01 01 01 
01 01 01 00 08 00 00 00 CC A2 02 00 

[RETURN VALUE]
0A 00 13 00 10 00 15 00 11 00 14 00 31 01 3D 01 
4B 01 58 01 82 01 69 01 3F 3F CB 0C D2 00 D2 00 
D2 00 01 00 3F 46 3F 46 E1 46 E1 46 75 46 3F 46 
03 00 06 00 05 00 07 00 06 00 07 00 01 01 01 00 
9D 02 9D 02 A1 02 A3 02 9F 02 99 02 00 00 00 00 
00 01 00 00 96 00 00 00 EB 1D 19 00 01 00 16 00 
31 00 00 00 07 01 01 03 03 03 04 00 01 01 01 01 
01 01 01 00 08 00 00 00 CC A2 02 00 

[BINARY DATA]
25 08 00 C0 15 02 00 BA 9C EA A2 CF 00 00 00 00 75 18 1A 05 00 00 00 00 7C 00 0A 00 13 00 10 00 15 00 11 00 14 00 31 01 3D 01 4B 01 58 01 82 01 69 01 3F 3F CB 0C D2 00 D2 00 D2 00 01 00 3F 46 3F 46 E1 46 E1 46 75 46 3F 46 03 00 06 00 05 00 07 00 06 00 07 00 01 01 01 00 9D 02 9D 02 A1 02 A3 02 9F 02 99 02 00 00 00 00 00 01 00 00 96 00 00 00 EB 1D 19 00 01 00 16 00 31 00 00 00 07 01 01 03 03 03 04 00 01 01 01 01 01 01 01 00 08 00 00 00 CC A2 02 00 00 00 00 00 00 00 00 00 00 00 00 00 00 00 00 00 00 00 00 00 00 00 00 00 00 00 00 00 00 00 00 00 00 00 00 00 00 00 00 00 00 00 00 00 00 00 00 00 00 00 00 00 00 00 00 00 00 00 00 00 00 00 00 00 00 00 00 00 00 00 00 00 00 00 00 00 00 00 00 00 00 00 00 00 00 00 00 00 00 00 00 00 00 00 00 00 00 00 00 00 00 00 00 00 00 00 00 00 00 00 00 00 00 00 00 00 00 00 00 00 00 00 00 00 00 00 00 00 00 00 00 00 00 00 00 00 00 00 00 00 00 00 00 00 00 00 00 00 00 00 00 00 00 00 00 00 00 00 00 00 00 00 00 00 00 00 00 00 00 00 00 00 00 00 00 00 00 00 00 00 00 00 00 00 00 00 00 00 00 00 00 00 00 00 00 00 00 00 00 00 00 00 00 00 00 00 00 00 00 00 00 00 00 00 00 00 00 00 00 00 00 00 00 00 00 00 00 00 00 00 00 00 00 00 00 00 00 00 00 00 00 00 00 00 00 00 00 00 00 00 00 00 00 00 00 00 00 00 00 00 00 00 00 00 00 00 00 00 00 00 00 00 00 00 00 00 00 00 00 00 00 00 00 00 00 00 00 00 00 00 00 00 00 00 00 00 00 00 00 00 00 00 00 00 00 00 00 00 00 00 00 00 00 00 00 00 00 00 00 00 00 00 00 00 00 00 00 00 00 00 00 00 00 00 00 00 00 00 00 00 00 00 00 00 00 00 00 00 00 00 00 00 00 00 00 00 00 00 00 00 00 00 00 00 00 00 00 00 00 00 00 00 00 00 00 00 00 00 00 00 00 00 00 00 00 00 00 00 00 00 
