================= REPORT SAVE =================

[CCSDS HEADER]
MsgId      : 0x0825
Seq        : 0xC000
Len        : 0x0215
TimeCode   : 00 C2 7B 25 36 D4
Padding    : 0x00000000

[REPORT BODY]
Reflected MID  : 0x1875
Reflected CC   : 0x1A
RetType        : 0x05
RetCode        : 0
RetValSize     : 124

================= PARSED BY MID/CC =================
ReflectedMID : 0x1875
ReflectedCC  : 0x1A
PayloadLen   : 124

[EPS P60 ACU GET TABLE HK]

[Inputs]
c_in[0..5]: 10 19 16 21 17 20
v_in[0..5]: 249 248 248 275 303 277

[Bus/Temp]
vbat: 16191
vcc : 3275
temp[0..2]: 202 202 204

[MPPT]
mppt_mode: 1
vboost[0..5]: 18091 17930 17983 18145 17876 17876
power[0..5]: 2 4 3 5 5 5

[DAC]
dac_en[0..2]: 1 1 1
dac_val[0..5]: 671 667 669 675 665 667

[Boot/Time]
bootcause : 0
bootcnt   : 256
uptime    : 150
resetcause: 0xFD1B

[MPPT Timing]
mppt_time  : 32
mppt_period: 1

[Device]
device_type[0..7]: 22 0 49 0 0 0 7 1
device_status[0..7]: 1 3 3 3 4 0 1 1

[WDT]
wdt_cnt_gnd : 65793
wdt_gnd_left: 8

[PAYLOAD HEX]
0A 00 13 00 10 00 15 00 11 00 14 00 F9 00 F8 00 
F8 00 13 01 2F 01 15 01 3F 3F CB 0C CA 00 CA 00 
CC 00 01 00 AB 46 0A 46 3F 46 E1 46 D4 45 D4 45 
02 00 04 00 03 00 05 00 05 00 05 00 01 01 01 00 
9F 02 9B 02 9D 02 A3 02 99 02 9B 02 00 00 00 00 
00 01 00 00 96 00 00 00 1B FD 20 00 01 00 16 00 
31 00 00 00 07 01 01 03 03 03 04 00 01 01 01 01 
01 01 01 00 08 00 00 00 7E A2 02 00 

[RETURN VALUE]
0A 00 13 00 10 00 15 00 11 00 14 00 F9 00 F8 00 
F8 00 13 01 2F 01 15 01 3F 3F CB 0C CA 00 CA 00 
CC 00 01 00 AB 46 0A 46 3F 46 E1 46 D4 45 D4 45 
02 00 04 00 03 00 05 00 05 00 05 00 01 01 01 00 
9F 02 9B 02 9D 02 A3 02 99 02 9B 02 00 00 00 00 
00 01 00 00 96 00 00 00 1B FD 20 00 01 00 16 00 
31 00 00 00 07 01 01 03 03 03 04 00 01 01 01 01 
01 01 01 00 08 00 00 00 7E A2 02 00 

[BINARY DATA]
25 08 00 C0 15 02 00 C2 7B 25 36 D4 00 00 00 00 75 18 1A 05 00 00 00 00 7C 00 0A 00 13 00 10 00 15 00 11 00 14 00 F9 00 F8 00 F8 00 13 01 2F 01 15 01 3F 3F CB 0C CA 00 CA 00 CC 00 01 00 AB 46 0A 46 3F 46 E1 46 D4 45 D4 45 02 00 04 00 03 00 05 00 05 00 05 00 01 01 01 00 9F 02 9B 02 9D 02 A3 02 99 02 9B 02 00 00 00 00 00 01 00 00 96 00 00 00 1B FD 20 00 01 00 16 00 31 00 00 00 07 01 01 03 03 03 04 00 01 01 01 01 01 01 01 00 08 00 00 00 7E A2 02 00 00 00 00 00 00 00 00 00 00 00 00 00 00 00 00 00 00 00 00 00 00 00 00 00 00 00 00 00 00 00 00 00 00 00 00 00 00 00 00 00 00 00 00 00 00 00 00 00 00 00 00 00 00 00 00 00 00 00 00 00 00 00 00 00 00 00 00 00 00 00 00 00 00 00 00 00 00 00 00 00 00 00 00 00 00 00 00 00 00 00 00 00 00 00 00 00 00 00 00 00 00 00 00 00 00 00 00 00 00 00 00 00 00 00 00 00 00 00 00 00 00 00 00 00 00 00 00 00 00 00 00 00 00 00 00 00 00 00 00 00 00 00 00 00 00 00 00 00 00 00 00 00 00 00 00 00 00 00 00 00 00 00 00 00 00 00 00 00 00 00 00 00 00 00 00 00 00 00 00 00 00 00 00 00 00 00 00 00 00 00 00 00 00 00 00 00 00 00 00 00 00 00 00 00 00 00 00 00 00 00 00 00 00 00 00 00 00 00 00 00 00 00 00 00 00 00 00 00 00 00 00 00 00 00 00 00 00 00 00 00 00 00 00 00 00 00 00 00 00 00 00 00 00 00 00 00 00 00 00 00 00 00 00 00 00 00 00 00 00 00 00 00 00 00 00 00 00 00 00 00 00 00 00 00 00 00 00 00 00 00 00 00 00 00 00 00 00 00 00 00 00 00 00 00 00 00 00 00 00 00 00 00 00 00 00 00 00 00 00 00 00 00 00 00 00 00 00 00 00 00 00 00 00 00 00 00 00 00 00 00 00 00 00 00 00 00 00 00 00 00 00 00 00 00 00 00 00 00 00 00 00 00 00 00 00 00 00 00 00 00 00 00 00 00 00 00 00 00 00 00 00 00 00 00 00 00 00 00 00 00 
