================= REPORT SAVE =================

[CCSDS HEADER]
MsgId      : 0x0825
Seq        : 0xC000
Len        : 0x0215
TimeCode   : 00 CD AC 7C 02 9F
Padding    : 0x00000000

[REPORT BODY]
Reflected MID  : 0x1875
Reflected CC   : 0x14
RetType        : 0x05
RetCode        : 0
RetValSize     : 188

================= PARSED BY MID/CC =================
ReflectedMID : 0x1875
ReflectedCC  : 0x14
PayloadLen   : 188

[EPS P60 DOCK GET TABLE HK]

[Report Data]
c_out[0..12]: 51 56 13 3 6 0 -8 -8 43 506 15 6 15
v_out[0..12]: 0 0 0 0 16260 16245 260 275 16239 0 0 0 0
out_en[0..12]: 1 1 0 0 1 1 0 0 1 1 1 0 0

[Temps]
temp[0..1]: 0 105

[Boot/Time]
bootcause              : 256
bootcnt                : 170
uptime                 : 174021
resetcause             : 0x0001

[Modes/Flags]
batt_mode              : 3
heater_on              : 0
conv_5v_en              : 1

[Latchups]
latchup[0..12]: 0 0 0 0 0 0 0 0 0 0 0 0 0

[Battery/Power]
vbat_v                 : 16241
vcc_c                  : -105
batt_c                 : 176
batt_v                 : 16234
batt_temp[0..1]: 0 0

[Device]
device_type[0..7]: 7 2 2 1 4 6 0 0
device_status[0..7]: 1 1 1 1 1 1 0 0
dearm_status           : 0

[WDT Counters]
wdt_cnt_gnd            : 8
wdt_cnt_i2c            : 0
wdt_cnt_can            : 4
wdt_cnt_csp[0..1]: 0 41

[WDT Left]
wdt_gnd_left           : 172472
wdt_i2c_left           : 0
wdt_can_left           : 300
wdt_csp_left[0..1]: 5 5

[Battery Currents]
batt_chrg              : 382
batt_dischrg           : 206

[Deploy]
ant6_depl              : 3
ar6_depl               : 3

[PAYLOAD HEX]
33 00 38 00 0D 00 03 00 06 00 00 00 F8 FF F8 FF 
2B 00 FA 01 0F 00 06 00 0F 00 00 00 00 00 00 00 
00 00 84 3F 75 3F 04 01 13 01 6F 3F 00 00 00 00 
00 00 00 00 01 01 00 00 01 01 00 00 01 01 01 00 
00 00 00 00 69 00 68 00 00 01 00 00 AA 00 00 00 
C5 A7 02 00 01 00 03 00 01 00 00 00 00 00 00 00 
00 00 00 00 00 00 00 00 00 00 00 00 00 00 00 00 
00 00 00 00 71 3F 97 FF B0 00 6A 3F 00 00 00 00 
07 02 02 01 04 06 00 00 01 01 01 01 01 01 00 00 
00 00 00 00 08 00 00 00 00 00 00 00 04 00 00 00 
00 00 00 00 29 00 00 00 B8 A1 02 00 00 00 00 00 
2C 01 00 00 05 05 7E 01 CE 00 03 03 

[RETURN VALUE]
33 00 38 00 0D 00 03 00 06 00 00 00 F8 FF F8 FF 
2B 00 FA 01 0F 00 06 00 0F 00 00 00 00 00 00 00 
00 00 84 3F 75 3F 04 01 13 01 6F 3F 00 00 00 00 
00 00 00 00 01 01 00 00 01 01 00 00 01 01 01 00 
00 00 00 00 69 00 68 00 00 01 00 00 AA 00 00 00 
C5 A7 02 00 01 00 03 00 01 00 00 00 00 00 00 00 
00 00 00 00 00 00 00 00 00 00 00 00 00 00 00 00 
00 00 00 00 71 3F 97 FF B0 00 6A 3F 00 00 00 00 
07 02 02 01 04 06 00 00 01 01 01 01 01 01 00 00 
00 00 00 00 08 00 00 00 00 00 00 00 04 00 00 00 
00 00 00 00 29 00 00 00 B8 A1 02 00 00 00 00 00 
2C 01 00 00 05 05 7E 01 CE 00 03 03 

[BINARY DATA]
25 08 00 C0 15 02 00 CD AC 7C 02 9F 00 00 00 00 75 18 14 05 00 00 00 00 BC 00 33 00 38 00 0D 00 03 00 06 00 00 00 F8 FF F8 FF 2B 00 FA 01 0F 00 06 00 0F 00 00 00 00 00 00 00 00 00 84 3F 75 3F 04 01 13 01 6F 3F 00 00 00 00 00 00 00 00 01 01 00 00 01 01 00 00 01 01 01 00 00 00 00 00 69 00 68 00 00 01 00 00 AA 00 00 00 C5 A7 02 00 01 00 03 00 01 00 00 00 00 00 00 00 00 00 00 00 00 00 00 00 00 00 00 00 00 00 00 00 00 00 00 00 71 3F 97 FF B0 00 6A 3F 00 00 00 00 07 02 02 01 04 06 00 00 01 01 01 01 01 01 00 00 00 00 00 00 08 00 00 00 00 00 00 00 04 00 00 00 00 00 00 00 29 00 00 00 B8 A1 02 00 00 00 00 00 2C 01 00 00 05 05 7E 01 CE 00 03 03 00 00 00 00 00 00 00 00 00 00 00 00 00 00 00 00 00 00 00 00 00 00 00 00 00 00 00 00 00 00 00 00 00 00 00 00 00 00 00 00 00 00 00 00 00 00 00 00 00 00 00 00 00 00 00 00 00 00 00 00 00 00 00 00 00 00 00 00 00 00 00 00 00 00 00 00 00 00 00 00 00 00 00 00 00 00 00 00 00 00 00 00 00 00 00 00 00 00 00 00 00 00 00 00 00 00 00 00 00 00 00 00 00 00 00 00 00 00 00 00 00 00 00 00 00 00 00 00 00 00 00 00 00 00 00 00 00 00 00 00 00 00 00 00 00 00 00 00 00 00 00 00 00 00 00 00 00 00 00 00 00 00 00 00 00 00 00 00 00 00 00 00 00 00 00 00 00 00 00 00 00 00 00 00 00 00 00 00 00 00 00 00 00 00 00 00 00 00 00 00 00 00 00 00 00 00 00 00 00 00 00 00 00 00 00 00 00 00 00 00 00 00 00 00 00 00 00 00 00 00 00 00 00 00 00 00 00 00 00 00 00 00 00 00 00 00 00 00 00 00 00 00 00 00 00 00 00 00 00 00 00 00 00 00 00 00 00 00 00 00 00 00 00 00 00 00 00 00 00 00 00 00 00 00 00 00 00 00 00 00 00 00 00 00 00 00 00 00 00 00 00 00 00 00 00 00 00 00 00 00 00 00 00 00 00 00 00 00 00 00 00 00 00 00 00 00 
