================= REPORT SAVE =================

[CCSDS HEADER]
MsgId      : 0x0825
Seq        : 0xC000
Len        : 0x0215
TimeCode   : 00 CC FE 14 02 95
Padding    : 0x00000000

[REPORT BODY]
Reflected MID  : 0x1865
Reflected CC   : 0x42
RetType        : 0x00
RetCode        : 0
RetValSize     : 62

================= PARSED BY MID/CC =================
ReflectedMID : 0x1865
ReflectedCC  : 0x42
PayloadLen   : 62

[UNKNOWN MID] No parser for ReflectedMID=0x1865

[PAYLOAD HEX]
C9 8D 1F 37 45 2F 23 3C 6F 12 03 3B C9 8D 1F 37 
45 2F 23 3C 6F 12 03 3B C9 8D 1F 37 45 2F 23 3C 
6F 12 03 3B C9 8D 1F 37 45 2F 23 3C 6F 12 03 3B 
17 B7 51 39 03 00 6F 12 83 3A 1F 85 D4 41 

[RETURN VALUE]
C9 8D 1F 37 45 2F 23 3C 6F 12 03 3B C9 8D 1F 37 
45 2F 23 3C 6F 12 03 3B C9 8D 1F 37 45 2F 23 3C 
6F 12 03 3B C9 8D 1F 37 45 2F 23 3C 6F 12 03 3B 
17 B7 51 39 03 00 6F 12 83 3A 1F 85 D4 41 

[BINARY DATA]
25 08 00 C0 15 02 00 CC FE 14 02 95 00 00 00 00 65 18 42 00 00 00 00 00 3E 00 C9 8D 1F 37 45 2F 23 3C 6F 12 03 3B C9 8D 1F 37 45 2F 23 3C 6F 12 03 3B C9 8D 1F 37 45 2F 23 3C 6F 12 03 3B C9 8D 1F 37 45 2F 23 3C 6F 12 03 3B 17 B7 51 39 03 00 6F 12 83 3A 1F 85 D4 41 00 00 00 00 00 00 00 00 00 00 00 00 00 00 00 00 00 00 00 00 00 00 00 00 00 00 00 00 00 00 00 00 00 00 00 00 00 00 00 00 00 00 00 00 00 00 00 00 00 00 00 00 00 00 00 00 00 00 00 00 00 00 00 00 00 00 00 00 00 00 00 00 00 00 00 00 00 00 00 00 00 00 00 00 00 00 00 00 00 00 00 00 00 00 00 00 00 00 00 00 00 00 00 00 00 00 00 00 00 00 00 00 00 00 00 00 00 00 00 00 00 00 00 00 00 00 00 00 00 00 00 00 00 00 00 00 00 00 00 00 00 00 00 00 00 00 00 00 00 00 00 00 00 00 00 00 00 00 00 00 00 00 00 00 00 00 00 00 00 00 00 00 00 00 00 00 00 00 00 00 00 00 00 00 00 00 00 00 00 00 00 00 00 00 00 00 00 00 00 00 00 00 00 00 00 00 00 00 00 00 00 00 00 00 00 00 00 00 00 00 00 00 00 00 00 00 00 00 00 00 00 00 00 00 00 00 00 00 00 00 00 00 00 00 00 00 00 00 00 00 00 00 00 00 00 00 00 00 00 00 00 00 00 00 00 00 00 00 00 00 00 00 00 00 00 00 00 00 00 00 00 00 00 00 00 00 00 00 00 00 00 00 00 00 00 00 00 00 00 00 00 00 00 00 00 00 00 00 00 00 00 00 00 00 00 00 00 00 00 00 00 00 00 00 00 00 00 00 00 00 00 00 00 00 00 00 00 00 00 00 00 00 00 00 00 00 00 00 00 00 00 00 00 00 00 00 00 00 00 00 00 00 00 00 00 00 00 00 00 00 00 00 00 00 00 00 00 00 00 00 00 00 00 00 00 00 00 00 00 00 00 00 00 00 00 00 00 00 00 00 00 00 00 00 00 00 00 00 00 00 00 00 00 00 00 00 00 00 00 00 00 00 00 00 00 00 00 00 00 00 00 00 00 00 00 00 00 00 00 00 00 00 00 00 00 00 00 00 00 00 00 00 
