================= REPORT SAVE =================

[CCSDS HEADER]
MsgId      : 0x0825
Seq        : 0xC000
Len        : 0x0215
TimeCode   : 00 CD AB E3 FC 93
Padding    : 0x00000000

[REPORT BODY]
Reflected MID  : 0x1865
Reflected CC   : 0x44
RetType        : 0x00
RetCode        : 0
RetValSize     : 98

================= PARSED BY MID/CC =================
ReflectedMID : 0x1865
ReflectedCC  : 0x44
PayloadLen   : 98

[UNKNOWN MID] No parser for ReflectedMID=0x1865

[PAYLOAD HEX]
03 CD CC CC 3D CD CC 4C BE 0A D7 A3 3C 0A D7 23 
3D 00 00 80 3F 9A 99 19 3F CD CC CC 3E 00 00 80 
3F 00 00 80 3F 00 00 80 3F 00 00 00 40 17 B7 51 
39 42 60 65 3B 17 B7 51 3A 42 60 E5 3B 17 B7 51 
3A 42 60 E5 3B BD 37 86 35 00 00 80 BF A6 9B 44 
BA 00 00 00 00 00 00 00 00 00 00 00 00 00 00 00 
00 02 

[RETURN VALUE]
03 CD CC CC 3D CD CC 4C BE 0A D7 A3 3C 0A D7 23 
3D 00 00 80 3F 9A 99 19 3F CD CC CC 3E 00 00 80 
3F 00 00 80 3F 00 00 80 3F 00 00 00 40 17 B7 51 
39 42 60 65 3B 17 B7 51 3A 42 60 E5 3B 17 B7 51 
3A 42 60 E5 3B BD 37 86 35 00 00 80 BF A6 9B 44 
BA 00 00 00 00 00 00 00 00 00 00 00 00 00 00 00 
00 02 

[BINARY DATA]
25 08 00 C0 15 02 00 CD AB E3 FC 93 00 00 00 00 65 18 44 00 00 00 00 00 62 00 03 CD CC CC 3D CD CC 4C BE 0A D7 A3 3C 0A D7 23 3D 00 00 80 3F 9A 99 19 3F CD CC CC 3E 00 00 80 3F 00 00 80 3F 00 00 80 3F 00 00 00 40 17 B7 51 39 42 60 65 3B 17 B7 51 3A 42 60 E5 3B 17 B7 51 3A 42 60 E5 3B BD 37 86 35 00 00 80 BF A6 9B 44 BA 00 00 00 00 00 00 00 00 00 00 00 00 00 00 00 00 02 00 00 00 00 00 00 00 00 00 00 00 00 00 00 00 00 00 00 00 00 00 00 00 00 00 00 00 00 00 00 00 00 00 00 00 00 00 00 00 00 00 00 00 00 00 00 00 00 00 00 00 00 00 00 00 00 00 00 00 00 00 00 00 00 00 00 00 00 00 00 00 00 00 00 00 00 00 00 00 00 00 00 00 00 00 00 00 00 00 00 00 00 00 00 00 00 00 00 00 00 00 00 00 00 00 00 00 00 00 00 00 00 00 00 00 00 00 00 00 00 00 00 00 00 00 00 00 00 00 00 00 00 00 00 00 00 00 00 00 00 00 00 00 00 00 00 00 00 00 00 00 00 00 00 00 00 00 00 00 00 00 00 00 00 00 00 00 00 00 00 00 00 00 00 00 00 00 00 00 00 00 00 00 00 00 00 00 00 00 00 00 00 00 00 00 00 00 00 00 00 00 00 00 00 00 00 00 00 00 00 00 00 00 00 00 00 00 00 00 00 00 00 00 00 00 00 00 00 00 00 00 00 00 00 00 00 00 00 00 00 00 00 00 00 00 00 00 00 00 00 00 00 00 00 00 00 00 00 00 00 00 00 00 00 00 00 00 00 00 00 00 00 00 00 00 00 00 00 00 00 00 00 00 00 00 00 00 00 00 00 00 00 00 00 00 00 00 00 00 00 00 00 00 00 00 00 00 00 00 00 00 00 00 00 00 00 00 00 00 00 00 00 00 00 00 00 00 00 00 00 00 00 00 00 00 00 00 00 00 00 00 00 00 00 00 00 00 00 00 00 00 00 00 00 00 00 00 00 00 00 00 00 00 00 00 00 00 00 00 00 00 00 00 00 00 00 00 00 00 00 00 00 00 00 00 00 00 00 00 00 00 00 00 00 00 00 00 00 00 00 00 00 00 00 00 00 00 00 00 00 00 00 00 00 00 00 
