================= REPORT SAVE =================

[CCSDS HEADER]
MsgId      : 0x0825
Seq        : 0xC000
Len        : 0x0215
TimeCode   : 00 D4 4B 63 75 3F
Padding    : 0x00000000

[REPORT BODY]
Reflected MID  : 0x1875
Reflected CC   : 0x1A
RetType        : 0x05
RetCode        : 0
RetValSize     : 124

================= PARSED BY MID/CC =================
ReflectedMID : 0x1875
ReflectedCC  : 0x1A
PayloadLen   : 124

[EPS P60 ACU GET TABLE HK]

[Inputs]
c_in[0..5]: 48 58 61 57 15 13
v_in[0..5]: 16876 16867 16867 16844 15078 15137

[Bus/Temp]
vbat: 16253
vcc : 3279
temp[0..2]: 110 110 110

[MPPT]
mppt_mode: 1
vboost[0..5]: 17016 17903 18306 17822 17876 18037
power[0..5]: 810 978 1028 960 226 196

[DAC]
dac_en[0..2]: 1 1 1
dac_val[0..5]: 635 666 681 663 669 669

[Boot/Time]
bootcause : 0
bootcnt   : 1
uptime    : 152
resetcause: 0xA5AF

[MPPT Timing]
mppt_time  : 2
mppt_period: 1

[Device]
device_type[0..7]: 22 0 49 0 0 0 7 1
device_status[0..7]: 1 3 3 3 4 0 1 1

[WDT]
wdt_cnt_gnd : 65793
wdt_gnd_left: 8

[PAYLOAD HEX]
30 00 3A 00 3D 00 39 00 0F 00 0D 00 EC 41 E3 41 
E3 41 CC 41 E6 3A 21 3B 7D 3F CF 0C 6E 00 6E 00 
6E 00 01 00 78 42 EF 45 82 47 9E 45 D4 45 75 46 
2A 03 D2 03 04 04 C0 03 E2 00 C4 00 01 01 01 00 
7B 02 9A 02 A9 02 97 02 9D 02 9D 02 00 00 00 00 
01 00 00 00 98 00 00 00 AF A5 02 00 01 00 16 00 
31 00 00 00 07 01 01 03 03 03 04 00 01 01 01 01 
01 01 01 00 08 00 00 00 C3 A2 02 00 

[RETURN VALUE]
30 00 3A 00 3D 00 39 00 0F 00 0D 00 EC 41 E3 41 
E3 41 CC 41 E6 3A 21 3B 7D 3F CF 0C 6E 00 6E 00 
6E 00 01 00 78 42 EF 45 82 47 9E 45 D4 45 75 46 
2A 03 D2 03 04 04 C0 03 E2 00 C4 00 01 01 01 00 
7B 02 9A 02 A9 02 97 02 9D 02 9D 02 00 00 00 00 
01 00 00 00 98 00 00 00 AF A5 02 00 01 00 16 00 
31 00 00 00 07 01 01 03 03 03 04 00 01 01 01 01 
01 01 01 00 08 00 00 00 C3 A2 02 00 

[BINARY DATA]
25 08 00 C0 15 02 00 D4 4B 63 75 3F 00 00 00 00 75 18 1A 05 00 00 00 00 7C 00 30 00 3A 00 3D 00 39 00 0F 00 0D 00 EC 41 E3 41 E3 41 CC 41 E6 3A 21 3B 7D 3F CF 0C 6E 00 6E 00 6E 00 01 00 78 42 EF 45 82 47 9E 45 D4 45 75 46 2A 03 D2 03 04 04 C0 03 E2 00 C4 00 01 01 01 00 7B 02 9A 02 A9 02 97 02 9D 02 9D 02 00 00 00 00 01 00 00 00 98 00 00 00 AF A5 02 00 01 00 16 00 31 00 00 00 07 01 01 03 03 03 04 00 01 01 01 01 01 01 01 00 08 00 00 00 C3 A2 02 00 00 00 00 00 00 00 00 00 00 00 00 00 00 00 00 00 00 00 00 00 00 00 00 00 00 00 00 00 00 00 00 00 00 00 00 00 00 00 00 00 00 00 00 00 00 00 00 00 00 00 00 00 00 00 00 00 00 00 00 00 00 00 00 00 00 00 00 00 00 00 00 00 00 00 00 00 00 00 00 00 00 00 00 00 00 00 00 00 00 00 00 00 00 00 00 00 00 00 00 00 00 00 00 00 00 00 00 00 00 00 00 00 00 00 00 00 00 00 00 00 00 00 00 00 00 00 00 00 00 00 00 00 00 00 00 00 00 00 00 00 00 00 00 00 00 00 00 00 00 00 00 00 00 00 00 00 00 00 00 00 00 00 00 00 00 00 00 00 00 00 00 00 00 00 00 00 00 00 00 00 00 00 00 00 00 00 00 00 00 00 00 00 00 00 00 00 00 00 00 00 00 00 00 00 00 00 00 00 00 00 00 00 00 00 00 00 00 00 00 00 00 00 00 00 00 00 00 00 00 00 00 00 00 00 00 00 00 00 00 00 00 00 00 00 00 00 00 00 00 00 00 00 00 00 00 00 00 00 00 00 00 00 00 00 00 00 00 00 00 00 00 00 00 00 00 00 00 00 00 00 00 00 00 00 00 00 00 00 00 00 00 00 00 00 00 00 00 00 00 00 00 00 00 00 00 00 00 00 00 00 00 00 00 00 00 00 00 00 00 00 00 00 00 00 00 00 00 00 00 00 00 00 00 00 00 00 00 00 00 00 00 00 00 00 00 00 00 00 00 00 00 00 00 00 00 00 00 00 00 00 00 00 00 00 00 00 00 00 00 00 00 00 00 00 00 00 00 00 00 00 00 00 00 00 00 00 00 00 00 00 
