================= REPORT SAVE =================

[CCSDS HEADER]
MsgId      : 0x0825
Seq        : 0xC000
Len        : 0x0215
TimeCode   : 00 C7 C7 54 60 CA
Padding    : 0x00000000

[REPORT BODY]
Reflected MID  : 0x1865
Reflected CC   : 0x58
RetType        : 0x00
RetCode        : 0
RetValSize     : 71

================= PARSED BY MID/CC =================
ReflectedMID : 0x1865
ReflectedCC  : 0x58
PayloadLen   : 71

[UNKNOWN MID] No parser for ReflectedMID=0x1865

[PAYLOAD HEX]
2D C3 DF 69 00 46 C3 23 76 F8 BD 3E 1B 2B 88 1E 
95 16 03 09 68 FE 58 00 57 FB 45 02 FE FF 02 00 
FB FF F9 FF 04 00 F9 FF 2F 4F AE B3 75 10 19 B4 
6C A5 FD 31 D6 FD 13 01 99 FE 01 00 01 00 03 00 
00 00 00 00 00 00 06 

[RETURN VALUE]
2D C3 DF 69 00 46 C3 23 76 F8 BD 3E 1B 2B 88 1E 
95 16 03 09 68 FE 58 00 57 FB 45 02 FE FF 02 00 
FB FF F9 FF 04 00 F9 FF 2F 4F AE B3 75 10 19 B4 
6C A5 FD 31 D6 FD 13 01 99 FE 01 00 01 00 03 00 
00 00 00 00 00 00 06 

[BINARY DATA]
25 08 00 C0 15 02 00 C7 C7 54 60 CA 00 00 00 00 65 18 58 00 00 00 00 00 47 00 2D C3 DF 69 00 46 C3 23 76 F8 BD 3E 1B 2B 88 1E 95 16 03 09 68 FE 58 00 57 FB 45 02 FE FF 02 00 FB FF F9 FF 04 00 F9 FF 2F 4F AE B3 75 10 19 B4 6C A5 FD 31 D6 FD 13 01 99 FE 01 00 01 00 03 00 00 00 00 00 00 00 06 00 00 00 00 00 00 00 00 00 00 00 00 00 00 00 00 00 00 00 00 00 00 00 00 00 00 00 00 00 00 00 00 00 00 00 00 00 00 00 00 00 00 00 00 00 00 00 00 00 00 00 00 00 00 00 00 00 00 00 00 00 00 00 00 00 00 00 00 00 00 00 00 00 00 00 00 00 00 00 00 00 00 00 00 00 00 00 00 00 00 00 00 00 00 00 00 00 00 00 00 00 00 00 00 00 00 00 00 00 00 00 00 00 00 00 00 00 00 00 00 00 00 00 00 00 00 00 00 00 00 00 00 00 00 00 00 00 00 00 00 00 00 00 00 00 00 00 00 00 00 00 00 00 00 00 00 00 00 00 00 00 00 00 00 00 00 00 00 00 00 00 00 00 00 00 00 00 00 00 00 00 00 00 00 00 00 00 00 00 00 00 00 00 00 00 00 00 00 00 00 00 00 00 00 00 00 00 00 00 00 00 00 00 00 00 00 00 00 00 00 00 00 00 00 00 00 00 00 00 00 00 00 00 00 00 00 00 00 00 00 00 00 00 00 00 00 00 00 00 00 00 00 00 00 00 00 00 00 00 00 00 00 00 00 00 00 00 00 00 00 00 00 00 00 00 00 00 00 00 00 00 00 00 00 00 00 00 00 00 00 00 00 00 00 00 00 00 00 00 00 00 00 00 00 00 00 00 00 00 00 00 00 00 00 00 00 00 00 00 00 00 00 00 00 00 00 00 00 00 00 00 00 00 00 00 00 00 00 00 00 00 00 00 00 00 00 00 00 00 00 00 00 00 00 00 00 00 00 00 00 00 00 00 00 00 00 00 00 00 00 00 00 00 00 00 00 00 00 00 00 00 00 00 00 00 00 00 00 00 00 00 00 00 00 00 00 00 00 00 00 00 00 00 00 00 00 00 00 00 00 00 00 00 00 00 00 00 00 00 00 00 00 00 00 00 00 00 00 00 00 00 00 00 00 00 00 00 00 00 00 00 00 00 
