================= REPORT SAVE =================

[CCSDS HEADER]
MsgId      : 0x0825
Seq        : 0xC000
Len        : 0x0215
TimeCode   : 00 D3 9C 9E 6B 44
Padding    : 0x00000000

[REPORT BODY]
Reflected MID  : 0x1875
Reflected CC   : 0x1A
RetType        : 0x05
RetCode        : 0
RetValSize     : 124

================= PARSED BY MID/CC =================
ReflectedMID : 0x1875
ReflectedCC  : 0x1A
PayloadLen   : 124

[EPS P60 ACU GET TABLE HK]

[Inputs]
c_in[0..5]: 67 74 115 107 15 13
v_in[0..5]: 16876 16853 16867 16844 16181 15776

[Bus/Temp]
vbat: 16222
vcc : 3275
temp[0..2]: 182 182 184

[MPPT]
mppt_mode: 1
vboost[0..5]: 17930 17822 17983 18333 17983 17930
power[0..5]: 1130 1247 1939 1802 242 205

[DAC]
dac_en[0..2]: 1 1 1
dac_val[0..5]: 667 663 669 682 669 667

[Boot/Time]
bootcause : 0
bootcnt   : 1
uptime    : 152
resetcause: 0xF6D5

[MPPT Timing]
mppt_time  : 1
mppt_period: 1

[Device]
device_type[0..7]: 22 0 49 0 0 0 7 1
device_status[0..7]: 1 3 3 3 4 0 1 1

[WDT]
wdt_cnt_gnd : 65793
wdt_gnd_left: 8

[PAYLOAD HEX]
43 00 4A 00 73 00 6B 00 0F 00 0D 00 EC 41 D5 41 
E3 41 CC 41 35 3F A0 3D 5E 3F CB 0C B6 00 B6 00 
B8 00 01 00 0A 46 9E 45 3F 46 9D 47 3F 46 0A 46 
6A 04 DF 04 93 07 0A 07 F2 00 CD 00 01 01 01 00 
9B 02 97 02 9D 02 AA 02 9D 02 9B 02 00 00 00 00 
01 00 00 00 98 00 00 00 D5 F6 01 00 01 00 16 00 
31 00 00 00 07 01 01 03 03 03 04 00 01 01 01 01 
01 01 01 00 08 00 00 00 C0 FD 01 00 

[RETURN VALUE]
43 00 4A 00 73 00 6B 00 0F 00 0D 00 EC 41 D5 41 
E3 41 CC 41 35 3F A0 3D 5E 3F CB 0C B6 00 B6 00 
B8 00 01 00 0A 46 9E 45 3F 46 9D 47 3F 46 0A 46 
6A 04 DF 04 93 07 0A 07 F2 00 CD 00 01 01 01 00 
9B 02 97 02 9D 02 AA 02 9D 02 9B 02 00 00 00 00 
01 00 00 00 98 00 00 00 D5 F6 01 00 01 00 16 00 
31 00 00 00 07 01 01 03 03 03 04 00 01 01 01 01 
01 01 01 00 08 00 00 00 C0 FD 01 00 

[BINARY DATA]
25 08 00 C0 15 02 00 D3 9C 9E 6B 44 00 00 00 00 75 18 1A 05 00 00 00 00 7C 00 43 00 4A 00 73 00 6B 00 0F 00 0D 00 EC 41 D5 41 E3 41 CC 41 35 3F A0 3D 5E 3F CB 0C B6 00 B6 00 B8 00 01 00 0A 46 9E 45 3F 46 9D 47 3F 46 0A 46 6A 04 DF 04 93 07 0A 07 F2 00 CD 00 01 01 01 00 9B 02 97 02 9D 02 AA 02 9D 02 9B 02 00 00 00 00 01 00 00 00 98 00 00 00 D5 F6 01 00 01 00 16 00 31 00 00 00 07 01 01 03 03 03 04 00 01 01 01 01 01 01 01 00 08 00 00 00 C0 FD 01 00 00 00 00 00 00 00 00 00 00 00 00 00 00 00 00 00 00 00 00 00 00 00 00 00 00 00 00 00 00 00 00 00 00 00 00 00 00 00 00 00 00 00 00 00 00 00 00 00 00 00 00 00 00 00 00 00 00 00 00 00 00 00 00 00 00 00 00 00 00 00 00 00 00 00 00 00 00 00 00 00 00 00 00 00 00 00 00 00 00 00 00 00 00 00 00 00 00 00 00 00 00 00 00 00 00 00 00 00 00 00 00 00 00 00 00 00 00 00 00 00 00 00 00 00 00 00 00 00 00 00 00 00 00 00 00 00 00 00 00 00 00 00 00 00 00 00 00 00 00 00 00 00 00 00 00 00 00 00 00 00 00 00 00 00 00 00 00 00 00 00 00 00 00 00 00 00 00 00 00 00 00 00 00 00 00 00 00 00 00 00 00 00 00 00 00 00 00 00 00 00 00 00 00 00 00 00 00 00 00 00 00 00 00 00 00 00 00 00 00 00 00 00 00 00 00 00 00 00 00 00 00 00 00 00 00 00 00 00 00 00 00 00 00 00 00 00 00 00 00 00 00 00 00 00 00 00 00 00 00 00 00 00 00 00 00 00 00 00 00 00 00 00 00 00 00 00 00 00 00 00 00 00 00 00 00 00 00 00 00 00 00 00 00 00 00 00 00 00 00 00 00 00 00 00 00 00 00 00 00 00 00 00 00 00 00 00 00 00 00 00 00 00 00 00 00 00 00 00 00 00 00 00 00 00 00 00 00 00 00 00 00 00 00 00 00 00 00 00 00 00 00 00 00 00 00 00 00 00 00 00 00 00 00 00 00 00 00 00 00 00 00 00 00 00 00 00 00 00 00 00 00 00 00 00 00 00 00 00 00 00 
