================= REPORT SAVE =================

[CCSDS HEADER]
MsgId      : 0x0825
Seq        : 0xC000
Len        : 0x0215
TimeCode   : 00 D3 9D 05 CB 69
Padding    : 0x00000000

[REPORT BODY]
Reflected MID  : 0x1875
Reflected CC   : 0x1A
RetType        : 0x05
RetCode        : 0
RetValSize     : 124

================= PARSED BY MID/CC =================
ReflectedMID : 0x1875
ReflectedCC  : 0x1A
PayloadLen   : 124

[EPS P60 ACU GET TABLE HK]

[Inputs]
c_in[0..5]: 10 19 16 21 17 20
v_in[0..5]: 513 470 511 524 579 472

[Bus/Temp]
vbat: 16191
vcc : 3275
temp[0..2]: 182 183 185

[MPPT]
mppt_mode: 1
vboost[0..5]: 18037 17930 17983 17930 18037 17822
power[0..5]: 5 8 8 11 9 9

[DAC]
dac_en[0..2]: 1 1 1
dac_val[0..5]: 669 665 671 663 667 665

[Boot/Time]
bootcause : 0
bootcnt   : 1
uptime    : 152
resetcause: 0xF73C

[MPPT Timing]
mppt_time  : 1
mppt_period: 1

[Device]
device_type[0..7]: 22 0 49 0 0 0 7 1
device_status[0..7]: 1 3 3 3 4 0 1 1

[WDT]
wdt_cnt_gnd : 65793
wdt_gnd_left: 8

[PAYLOAD HEX]
0A 00 13 00 10 00 15 00 11 00 14 00 01 02 D6 01 
FF 01 0C 02 43 02 D8 01 3F 3F CB 0C B6 00 B7 00 
B9 00 01 00 75 46 0A 46 3F 46 0A 46 75 46 9E 45 
05 00 08 00 08 00 0B 00 09 00 09 00 01 01 01 00 
9D 02 99 02 9F 02 97 02 9B 02 99 02 00 00 00 00 
01 00 00 00 98 00 00 00 3C F7 01 00 01 00 16 00 
31 00 00 00 07 01 01 03 03 03 04 00 01 01 01 01 
01 01 01 00 08 00 00 00 CD A2 02 00 

[RETURN VALUE]
0A 00 13 00 10 00 15 00 11 00 14 00 01 02 D6 01 
FF 01 0C 02 43 02 D8 01 3F 3F CB 0C B6 00 B7 00 
B9 00 01 00 75 46 0A 46 3F 46 0A 46 75 46 9E 45 
05 00 08 00 08 00 0B 00 09 00 09 00 01 01 01 00 
9D 02 99 02 9F 02 97 02 9B 02 99 02 00 00 00 00 
01 00 00 00 98 00 00 00 3C F7 01 00 01 00 16 00 
31 00 00 00 07 01 01 03 03 03 04 00 01 01 01 01 
01 01 01 00 08 00 00 00 CD A2 02 00 

[BINARY DATA]
25 08 00 C0 15 02 00 D3 9D 05 CB 69 00 00 00 00 75 18 1A 05 00 00 00 00 7C 00 0A 00 13 00 10 00 15 00 11 00 14 00 01 02 D6 01 FF 01 0C 02 43 02 D8 01 3F 3F CB 0C B6 00 B7 00 B9 00 01 00 75 46 0A 46 3F 46 0A 46 75 46 9E 45 05 00 08 00 08 00 0B 00 09 00 09 00 01 01 01 00 9D 02 99 02 9F 02 97 02 9B 02 99 02 00 00 00 00 01 00 00 00 98 00 00 00 3C F7 01 00 01 00 16 00 31 00 00 00 07 01 01 03 03 03 04 00 01 01 01 01 01 01 01 00 08 00 00 00 CD A2 02 00 00 00 00 00 00 00 00 00 00 00 00 00 00 00 00 00 00 00 00 00 00 00 00 00 00 00 00 00 00 00 00 00 00 00 00 00 00 00 00 00 00 00 00 00 00 00 00 00 00 00 00 00 00 00 00 00 00 00 00 00 00 00 00 00 00 00 00 00 00 00 00 00 00 00 00 00 00 00 00 00 00 00 00 00 00 00 00 00 00 00 00 00 00 00 00 00 00 00 00 00 00 00 00 00 00 00 00 00 00 00 00 00 00 00 00 00 00 00 00 00 00 00 00 00 00 00 00 00 00 00 00 00 00 00 00 00 00 00 00 00 00 00 00 00 00 00 00 00 00 00 00 00 00 00 00 00 00 00 00 00 00 00 00 00 00 00 00 00 00 00 00 00 00 00 00 00 00 00 00 00 00 00 00 00 00 00 00 00 00 00 00 00 00 00 00 00 00 00 00 00 00 00 00 00 00 00 00 00 00 00 00 00 00 00 00 00 00 00 00 00 00 00 00 00 00 00 00 00 00 00 00 00 00 00 00 00 00 00 00 00 00 00 00 00 00 00 00 00 00 00 00 00 00 00 00 00 00 00 00 00 00 00 00 00 00 00 00 00 00 00 00 00 00 00 00 00 00 00 00 00 00 00 00 00 00 00 00 00 00 00 00 00 00 00 00 00 00 00 00 00 00 00 00 00 00 00 00 00 00 00 00 00 00 00 00 00 00 00 00 00 00 00 00 00 00 00 00 00 00 00 00 00 00 00 00 00 00 00 00 00 00 00 00 00 00 00 00 00 00 00 00 00 00 00 00 00 00 00 00 00 00 00 00 00 00 00 00 00 00 00 00 00 00 00 00 00 00 00 00 00 00 00 00 00 00 00 00 00 00 00 
