================= REPORT SAVE =================

[CCSDS HEADER]
MsgId      : 0x0825
Seq        : 0xC000
Len        : 0x0215
TimeCode   : 00 D8 2D D2 F3 3F
Padding    : 0x00000000

[REPORT BODY]
Reflected MID  : 0x1875
Reflected CC   : 0x1A
RetType        : 0x05
RetCode        : 0
RetValSize     : 124

================= PARSED BY MID/CC =================
ReflectedMID : 0x1875
ReflectedCC  : 0x1A
PayloadLen   : 124

[EPS P60 ACU GET TABLE HK]

[Inputs]
c_in[0..5]: 24 35 33 29 15 13
v_in[0..5]: 16848 16826 16826 16802 15105 14943

[Bus/Temp]
vbat: 16253
vcc : 3279
temp[0..2]: 142 141 142

[MPPT]
mppt_mode: 1
vboost[0..5]: 18037 17661 18870 17553 17983 17983
power[0..5]: 404 588 555 487 226 194

[DAC]
dac_en[0..2]: 1 1 1
dac_val[0..5]: 671 657 702 653 669 669

[Boot/Time]
bootcause : 0
bootcnt   : 1
uptime    : 152
resetcause: 0x8899

[MPPT Timing]
mppt_time  : 6
mppt_period: 1

[Device]
device_type[0..7]: 22 0 49 0 0 0 7 1
device_status[0..7]: 1 3 3 3 4 0 1 1

[WDT]
wdt_cnt_gnd : 65793
wdt_gnd_left: 8

[PAYLOAD HEX]
18 00 23 00 21 00 1D 00 0F 00 0D 00 D0 41 BA 41 
BA 41 A2 41 01 3B 5F 3A 7D 3F CF 0C 8E 00 8D 00 
8E 00 01 00 75 46 FD 44 B6 49 91 44 3F 46 3F 46 
94 01 4C 02 2B 02 E7 01 E2 00 C2 00 01 01 01 00 
9F 02 91 02 BE 02 8D 02 9D 02 9D 02 00 00 00 00 
01 00 00 00 98 00 00 00 99 88 06 00 01 00 16 00 
31 00 00 00 07 01 01 03 03 03 04 00 01 01 01 01 
01 01 01 00 08 00 00 00 DC A2 02 00 

[RETURN VALUE]
18 00 23 00 21 00 1D 00 0F 00 0D 00 D0 41 BA 41 
BA 41 A2 41 01 3B 5F 3A 7D 3F CF 0C 8E 00 8D 00 
8E 00 01 00 75 46 FD 44 B6 49 91 44 3F 46 3F 46 
94 01 4C 02 2B 02 E7 01 E2 00 C2 00 01 01 01 00 
9F 02 91 02 BE 02 8D 02 9D 02 9D 02 00 00 00 00 
01 00 00 00 98 00 00 00 99 88 06 00 01 00 16 00 
31 00 00 00 07 01 01 03 03 03 04 00 01 01 01 01 
01 01 01 00 08 00 00 00 DC A2 02 00 

[BINARY DATA]
25 08 00 C0 15 02 00 D8 2D D2 F3 3F 00 00 00 00 75 18 1A 05 00 00 00 00 7C 00 18 00 23 00 21 00 1D 00 0F 00 0D 00 D0 41 BA 41 BA 41 A2 41 01 3B 5F 3A 7D 3F CF 0C 8E 00 8D 00 8E 00 01 00 75 46 FD 44 B6 49 91 44 3F 46 3F 46 94 01 4C 02 2B 02 E7 01 E2 00 C2 00 01 01 01 00 9F 02 91 02 BE 02 8D 02 9D 02 9D 02 00 00 00 00 01 00 00 00 98 00 00 00 99 88 06 00 01 00 16 00 31 00 00 00 07 01 01 03 03 03 04 00 01 01 01 01 01 01 01 00 08 00 00 00 DC A2 02 00 00 00 00 00 00 00 00 00 00 00 00 00 00 00 00 00 00 00 00 00 00 00 00 00 00 00 00 00 00 00 00 00 00 00 00 00 00 00 00 00 00 00 00 00 00 00 00 00 00 00 00 00 00 00 00 00 00 00 00 00 00 00 00 00 00 00 00 00 00 00 00 00 00 00 00 00 00 00 00 00 00 00 00 00 00 00 00 00 00 00 00 00 00 00 00 00 00 00 00 00 00 00 00 00 00 00 00 00 00 00 00 00 00 00 00 00 00 00 00 00 00 00 00 00 00 00 00 00 00 00 00 00 00 00 00 00 00 00 00 00 00 00 00 00 00 00 00 00 00 00 00 00 00 00 00 00 00 00 00 00 00 00 00 00 00 00 00 00 00 00 00 00 00 00 00 00 00 00 00 00 00 00 00 00 00 00 00 00 00 00 00 00 00 00 00 00 00 00 00 00 00 00 00 00 00 00 00 00 00 00 00 00 00 00 00 00 00 00 00 00 00 00 00 00 00 00 00 00 00 00 00 00 00 00 00 00 00 00 00 00 00 00 00 00 00 00 00 00 00 00 00 00 00 00 00 00 00 00 00 00 00 00 00 00 00 00 00 00 00 00 00 00 00 00 00 00 00 00 00 00 00 00 00 00 00 00 00 00 00 00 00 00 00 00 00 00 00 00 00 00 00 00 00 00 00 00 00 00 00 00 00 00 00 00 00 00 00 00 00 00 00 00 00 00 00 00 00 00 00 00 00 00 00 00 00 00 00 00 00 00 00 00 00 00 00 00 00 00 00 00 00 00 00 00 00 00 00 00 00 00 00 00 00 00 00 00 00 00 00 00 00 00 00 00 00 00 00 00 00 00 00 00 00 00 00 00 00 00 00 00 
