================= REPORT SAVE =================

[CCSDS HEADER]
MsgId      : 0x0825
Seq        : 0xC000
Len        : 0x0215
TimeCode   : 00 D4 4B 59 1F 40
Padding    : 0x00000000

[REPORT BODY]
Reflected MID  : 0x1875
Reflected CC   : 0x1A
RetType        : 0x05
RetCode        : 0
RetValSize     : 124

================= PARSED BY MID/CC =================
ReflectedMID : 0x1875
ReflectedCC  : 0x1A
PayloadLen   : 124

[EPS P60 ACU GET TABLE HK]

[Inputs]
c_in[0..5]: 47 58 61 57 15 13
v_in[0..5]: 16890 16867 16867 16844 15105 15165

[Bus/Temp]
vbat: 16222
vcc : 3271
temp[0..2]: 110 110 110

[MPPT]
mppt_mode: 1
vboost[0..5]: 17231 17956 18521 17822 17768 17983
power[0..5]: 793 978 1028 960 226 197

[DAC]
dac_en[0..2]: 1 1 1
dac_val[0..5]: 641 668 689 663 661 669

[Boot/Time]
bootcause : 0
bootcnt   : 1
uptime    : 152
resetcause: 0xA5A5

[MPPT Timing]
mppt_time  : 2
mppt_period: 1

[Device]
device_type[0..7]: 22 0 49 0 0 0 7 1
device_status[0..7]: 1 3 3 3 4 0 1 1

[WDT]
wdt_cnt_gnd : 65793
wdt_gnd_left: 8

[PAYLOAD HEX]
2F 00 3A 00 3D 00 39 00 0F 00 0D 00 FA 41 E3 41 
E3 41 CC 41 01 3B 3D 3B 5E 3F C7 0C 6E 00 6E 00 
6E 00 01 00 4F 43 24 46 59 48 9E 45 68 45 3F 46 
19 03 D2 03 04 04 C0 03 E2 00 C5 00 01 01 01 00 
81 02 9C 02 B1 02 97 02 95 02 9D 02 00 00 00 00 
01 00 00 00 98 00 00 00 A5 A5 02 00 01 00 16 00 
31 00 00 00 07 01 01 03 03 03 04 00 01 01 01 01 
01 01 01 00 08 00 00 00 CD A2 02 00 

[RETURN VALUE]
2F 00 3A 00 3D 00 39 00 0F 00 0D 00 FA 41 E3 41 
E3 41 CC 41 01 3B 3D 3B 5E 3F C7 0C 6E 00 6E 00 
6E 00 01 00 4F 43 24 46 59 48 9E 45 68 45 3F 46 
19 03 D2 03 04 04 C0 03 E2 00 C5 00 01 01 01 00 
81 02 9C 02 B1 02 97 02 95 02 9D 02 00 00 00 00 
01 00 00 00 98 00 00 00 A5 A5 02 00 01 00 16 00 
31 00 00 00 07 01 01 03 03 03 04 00 01 01 01 01 
01 01 01 00 08 00 00 00 CD A2 02 00 

[BINARY DATA]
25 08 00 C0 15 02 00 D4 4B 59 1F 40 00 00 00 00 75 18 1A 05 00 00 00 00 7C 00 2F 00 3A 00 3D 00 39 00 0F 00 0D 00 FA 41 E3 41 E3 41 CC 41 01 3B 3D 3B 5E 3F C7 0C 6E 00 6E 00 6E 00 01 00 4F 43 24 46 59 48 9E 45 68 45 3F 46 19 03 D2 03 04 04 C0 03 E2 00 C5 00 01 01 01 00 81 02 9C 02 B1 02 97 02 95 02 9D 02 00 00 00 00 01 00 00 00 98 00 00 00 A5 A5 02 00 01 00 16 00 31 00 00 00 07 01 01 03 03 03 04 00 01 01 01 01 01 01 01 00 08 00 00 00 CD A2 02 00 00 00 00 00 00 00 00 00 00 00 00 00 00 00 00 00 00 00 00 00 00 00 00 00 00 00 00 00 00 00 00 00 00 00 00 00 00 00 00 00 00 00 00 00 00 00 00 00 00 00 00 00 00 00 00 00 00 00 00 00 00 00 00 00 00 00 00 00 00 00 00 00 00 00 00 00 00 00 00 00 00 00 00 00 00 00 00 00 00 00 00 00 00 00 00 00 00 00 00 00 00 00 00 00 00 00 00 00 00 00 00 00 00 00 00 00 00 00 00 00 00 00 00 00 00 00 00 00 00 00 00 00 00 00 00 00 00 00 00 00 00 00 00 00 00 00 00 00 00 00 00 00 00 00 00 00 00 00 00 00 00 00 00 00 00 00 00 00 00 00 00 00 00 00 00 00 00 00 00 00 00 00 00 00 00 00 00 00 00 00 00 00 00 00 00 00 00 00 00 00 00 00 00 00 00 00 00 00 00 00 00 00 00 00 00 00 00 00 00 00 00 00 00 00 00 00 00 00 00 00 00 00 00 00 00 00 00 00 00 00 00 00 00 00 00 00 00 00 00 00 00 00 00 00 00 00 00 00 00 00 00 00 00 00 00 00 00 00 00 00 00 00 00 00 00 00 00 00 00 00 00 00 00 00 00 00 00 00 00 00 00 00 00 00 00 00 00 00 00 00 00 00 00 00 00 00 00 00 00 00 00 00 00 00 00 00 00 00 00 00 00 00 00 00 00 00 00 00 00 00 00 00 00 00 00 00 00 00 00 00 00 00 00 00 00 00 00 00 00 00 00 00 00 00 00 00 00 00 00 00 00 00 00 00 00 00 00 00 00 00 00 00 00 00 00 00 00 00 00 00 00 00 00 00 00 00 00 00 00 00 
