================= REPORT SAVE =================

[CCSDS HEADER]
MsgId      : 0x0825
Seq        : 0xC000
Len        : 0x0215
TimeCode   : 00 BA 9C 8D 8E CC
Padding    : 0x00000000

[REPORT BODY]
Reflected MID  : 0x1875
Reflected CC   : 0x1A
RetType        : 0x05
RetCode        : 0
RetValSize     : 124

================= PARSED BY MID/CC =================
ReflectedMID : 0x1875
ReflectedCC  : 0x1A
PayloadLen   : 124

[EPS P60 ACU GET TABLE HK]

[Inputs]
c_in[0..5]: 10 20 17 20 17 21
v_in[0..5]: 1165 1119 1147 1117 1172 1166

[Bus/Temp]
vbat: 16160
vcc : 3267
temp[0..2]: 220 220 221

[MPPT]
mppt_mode: 1
vboost[0..5]: 17930 18360 17983 17983 17876 18037
power[0..5]: 11 22 19 22 19 24

[DAC]
dac_en[0..2]: 1 1 1
dac_val[0..5]: 667 683 669 669 665 671

[Boot/Time]
bootcause : 0
bootcnt   : 256
uptime    : 150
resetcause: 0x1D8E

[MPPT Timing]
mppt_time  : 25
mppt_period: 1

[Device]
device_type[0..7]: 22 0 49 0 0 0 7 1
device_status[0..7]: 1 3 3 3 4 0 1 1

[WDT]
wdt_cnt_gnd : 65793
wdt_gnd_left: 8

[PAYLOAD HEX]
0A 00 14 00 11 00 14 00 11 00 15 00 8D 04 5F 04 
7B 04 5D 04 94 04 8E 04 20 3F C3 0C DC 00 DC 00 
DD 00 01 00 0A 46 B8 47 3F 46 3F 46 D4 45 75 46 
0B 00 16 00 13 00 16 00 13 00 18 00 01 01 01 00 
9B 02 AB 02 9D 02 9D 02 99 02 9F 02 00 00 00 00 
00 01 00 00 96 00 00 00 8E 1D 19 00 01 00 16 00 
31 00 00 00 07 01 01 03 03 03 04 00 01 01 01 01 
01 01 01 00 08 00 00 00 3D 8D 02 00 

[RETURN VALUE]
0A 00 14 00 11 00 14 00 11 00 15 00 8D 04 5F 04 
7B 04 5D 04 94 04 8E 04 20 3F C3 0C DC 00 DC 00 
DD 00 01 00 0A 46 B8 47 3F 46 3F 46 D4 45 75 46 
0B 00 16 00 13 00 16 00 13 00 18 00 01 01 01 00 
9B 02 AB 02 9D 02 9D 02 99 02 9F 02 00 00 00 00 
00 01 00 00 96 00 00 00 8E 1D 19 00 01 00 16 00 
31 00 00 00 07 01 01 03 03 03 04 00 01 01 01 01 
01 01 01 00 08 00 00 00 3D 8D 02 00 

[BINARY DATA]
25 08 00 C0 15 02 00 BA 9C 8D 8E CC 00 00 00 00 75 18 1A 05 00 00 00 00 7C 00 0A 00 14 00 11 00 14 00 11 00 15 00 8D 04 5F 04 7B 04 5D 04 94 04 8E 04 20 3F C3 0C DC 00 DC 00 DD 00 01 00 0A 46 B8 47 3F 46 3F 46 D4 45 75 46 0B 00 16 00 13 00 16 00 13 00 18 00 01 01 01 00 9B 02 AB 02 9D 02 9D 02 99 02 9F 02 00 00 00 00 00 01 00 00 96 00 00 00 8E 1D 19 00 01 00 16 00 31 00 00 00 07 01 01 03 03 03 04 00 01 01 01 01 01 01 01 00 08 00 00 00 3D 8D 02 00 00 00 00 00 00 00 00 00 00 00 00 00 00 00 00 00 00 00 00 00 00 00 00 00 00 00 00 00 00 00 00 00 00 00 00 00 00 00 00 00 00 00 00 00 00 00 00 00 00 00 00 00 00 00 00 00 00 00 00 00 00 00 00 00 00 00 00 00 00 00 00 00 00 00 00 00 00 00 00 00 00 00 00 00 00 00 00 00 00 00 00 00 00 00 00 00 00 00 00 00 00 00 00 00 00 00 00 00 00 00 00 00 00 00 00 00 00 00 00 00 00 00 00 00 00 00 00 00 00 00 00 00 00 00 00 00 00 00 00 00 00 00 00 00 00 00 00 00 00 00 00 00 00 00 00 00 00 00 00 00 00 00 00 00 00 00 00 00 00 00 00 00 00 00 00 00 00 00 00 00 00 00 00 00 00 00 00 00 00 00 00 00 00 00 00 00 00 00 00 00 00 00 00 00 00 00 00 00 00 00 00 00 00 00 00 00 00 00 00 00 00 00 00 00 00 00 00 00 00 00 00 00 00 00 00 00 00 00 00 00 00 00 00 00 00 00 00 00 00 00 00 00 00 00 00 00 00 00 00 00 00 00 00 00 00 00 00 00 00 00 00 00 00 00 00 00 00 00 00 00 00 00 00 00 00 00 00 00 00 00 00 00 00 00 00 00 00 00 00 00 00 00 00 00 00 00 00 00 00 00 00 00 00 00 00 00 00 00 00 00 00 00 00 00 00 00 00 00 00 00 00 00 00 00 00 00 00 00 00 00 00 00 00 00 00 00 00 00 00 00 00 00 00 00 00 00 00 00 00 00 00 00 00 00 00 00 00 00 00 00 00 00 00 00 00 00 00 00 00 00 00 00 00 00 00 00 00 00 00 00 
