================= REPORT SAVE =================

[CCSDS HEADER]
MsgId      : 0x0825
Seq        : 0xC000
Len        : 0x0215
TimeCode   : 00 D3 9D 10 21 68
Padding    : 0x00000000

[REPORT BODY]
Reflected MID  : 0x1875
Reflected CC   : 0x1A
RetType        : 0x05
RetCode        : 0
RetValSize     : 124

================= PARSED BY MID/CC =================
ReflectedMID : 0x1875
ReflectedCC  : 0x1A
PayloadLen   : 124

[EPS P60 ACU GET TABLE HK]

[Inputs]
c_in[0..5]: 10 20 16 21 16 20
v_in[0..5]: 444 400 428 441 496 416

[Bus/Temp]
vbat: 16191
vcc : 3279
temp[0..2]: 185 183 185

[MPPT]
mppt_mode: 1
vboost[0..5]: 18037 18145 17768 17930 17876 18091
power[0..5]: 4 8 6 9 7 8

[DAC]
dac_en[0..2]: 1 1 1
dac_val[0..5]: 671 675 663 667 677 671

[Boot/Time]
bootcause : 0
bootcnt   : 1
uptime    : 152
resetcause: 0xF747

[MPPT Timing]
mppt_time  : 1
mppt_period: 1

[Device]
device_type[0..7]: 22 0 49 0 0 0 7 1
device_status[0..7]: 1 3 3 3 4 0 1 1

[WDT]
wdt_cnt_gnd : 65793
wdt_gnd_left: 8

[PAYLOAD HEX]
0A 00 14 00 10 00 15 00 10 00 14 00 BC 01 90 01 
AC 01 B9 01 F0 01 A0 01 3F 3F CF 0C B9 00 B7 00 
B9 00 01 00 75 46 E1 46 68 45 0A 46 D4 45 AB 46 
04 00 08 00 06 00 09 00 07 00 08 00 01 01 01 00 
9F 02 A3 02 97 02 9B 02 A5 02 9F 02 00 00 00 00 
01 00 00 00 98 00 00 00 47 F7 01 00 01 00 16 00 
31 00 00 00 07 01 01 03 03 03 04 00 01 01 01 01 
01 01 01 00 08 00 00 00 C2 A2 02 00 

[RETURN VALUE]
0A 00 14 00 10 00 15 00 10 00 14 00 BC 01 90 01 
AC 01 B9 01 F0 01 A0 01 3F 3F CF 0C B9 00 B7 00 
B9 00 01 00 75 46 E1 46 68 45 0A 46 D4 45 AB 46 
04 00 08 00 06 00 09 00 07 00 08 00 01 01 01 00 
9F 02 A3 02 97 02 9B 02 A5 02 9F 02 00 00 00 00 
01 00 00 00 98 00 00 00 47 F7 01 00 01 00 16 00 
31 00 00 00 07 01 01 03 03 03 04 00 01 01 01 01 
01 01 01 00 08 00 00 00 C2 A2 02 00 

[BINARY DATA]
25 08 00 C0 15 02 00 D3 9D 10 21 68 00 00 00 00 75 18 1A 05 00 00 00 00 7C 00 0A 00 14 00 10 00 15 00 10 00 14 00 BC 01 90 01 AC 01 B9 01 F0 01 A0 01 3F 3F CF 0C B9 00 B7 00 B9 00 01 00 75 46 E1 46 68 45 0A 46 D4 45 AB 46 04 00 08 00 06 00 09 00 07 00 08 00 01 01 01 00 9F 02 A3 02 97 02 9B 02 A5 02 9F 02 00 00 00 00 01 00 00 00 98 00 00 00 47 F7 01 00 01 00 16 00 31 00 00 00 07 01 01 03 03 03 04 00 01 01 01 01 01 01 01 00 08 00 00 00 C2 A2 02 00 00 00 00 00 00 00 00 00 00 00 00 00 00 00 00 00 00 00 00 00 00 00 00 00 00 00 00 00 00 00 00 00 00 00 00 00 00 00 00 00 00 00 00 00 00 00 00 00 00 00 00 00 00 00 00 00 00 00 00 00 00 00 00 00 00 00 00 00 00 00 00 00 00 00 00 00 00 00 00 00 00 00 00 00 00 00 00 00 00 00 00 00 00 00 00 00 00 00 00 00 00 00 00 00 00 00 00 00 00 00 00 00 00 00 00 00 00 00 00 00 00 00 00 00 00 00 00 00 00 00 00 00 00 00 00 00 00 00 00 00 00 00 00 00 00 00 00 00 00 00 00 00 00 00 00 00 00 00 00 00 00 00 00 00 00 00 00 00 00 00 00 00 00 00 00 00 00 00 00 00 00 00 00 00 00 00 00 00 00 00 00 00 00 00 00 00 00 00 00 00 00 00 00 00 00 00 00 00 00 00 00 00 00 00 00 00 00 00 00 00 00 00 00 00 00 00 00 00 00 00 00 00 00 00 00 00 00 00 00 00 00 00 00 00 00 00 00 00 00 00 00 00 00 00 00 00 00 00 00 00 00 00 00 00 00 00 00 00 00 00 00 00 00 00 00 00 00 00 00 00 00 00 00 00 00 00 00 00 00 00 00 00 00 00 00 00 00 00 00 00 00 00 00 00 00 00 00 00 00 00 00 00 00 00 00 00 00 00 00 00 00 00 00 00 00 00 00 00 00 00 00 00 00 00 00 00 00 00 00 00 00 00 00 00 00 00 00 00 00 00 00 00 00 00 00 00 00 00 00 00 00 00 00 00 00 00 00 00 00 00 00 00 00 00 00 00 00 00 00 00 00 00 00 00 00 00 00 00 00 00 
