================= REPORT SAVE =================

[CCSDS HEADER]
MsgId      : 0x0825
Seq        : 0xC000
Len        : 0x0215
TimeCode   : 00 D2 F9 A3 45 2D
Padding    : 0x00000000

[REPORT BODY]
Reflected MID  : 0x1875
Reflected CC   : 0x15
RetType        : 0x05
RetCode        : 0
RetValSize     : 412

================= PARSED BY MID/CC =================
ReflectedMID : 0x1875
ReflectedCC  : 0x15
PayloadLen   : 412

[EPS P60] Unknown CC: 0x15

[PAYLOAD HEX]
78 31 5F 76 63 63 00 00 78 32 5F 76 63 63 00 00 
78 33 5F 76 63 63 00 00 78 34 5F 76 63 63 00 00 
78 31 5F 76 62 61 74 00 78 32 5F 76 62 61 74 00 
78 33 5F 76 62 61 74 00 78 34 5F 76 62 61 74 00 
73 74 5F 76 62 61 74 00 73 74 5F 33 76 33 00 00 
73 74 5F 35 76 00 00 00 67 73 5F 33 76 33 00 00 
67 73 5F 35 76 00 00 00 01 01 00 00 01 01 00 00 
01 01 01 00 00 00 00 00 00 00 00 00 00 00 00 00 
00 00 00 00 00 00 00 00 00 00 00 00 00 00 00 00 
00 00 00 00 00 00 00 00 00 00 00 00 00 00 00 00 
00 00 00 00 00 00 00 00 00 00 01 01 00 00 01 01 
00 00 01 01 01 00 00 01 01 00 00 01 01 00 00 01 
01 01 00 00 00 00 00 00 00 00 00 00 00 00 00 00 
00 00 00 00 00 00 00 00 00 00 00 00 00 00 00 00 
00 00 00 00 00 00 00 00 00 00 00 00 00 00 00 00 
00 00 00 00 00 00 00 00 C4 09 C4 09 C4 09 C4 09 
C4 09 C4 09 C4 09 C4 09 C4 09 C4 09 C4 09 C4 09 
C4 09 C4 09 C4 09 C4 09 C4 09 C4 09 C4 09 C4 09 
C4 09 C4 09 C4 09 C4 09 C4 09 C4 09 34 00 38 00 
0D 00 00 00 07 00 00 00 00 00 00 00 31 00 F8 01 
0F 00 08 00 0F 00 00 00 00 00 00 3F 00 00 00 00 
00 00 00 00 03 00 A0 41 D8 40 F4 33 C8 32 00 32 
01 00 00 00 32 00 00 01 00 00 00 00 2C 01 00 00 
3C 00 00 00 3C 00 00 00 05 05 00 00 00 00 00 00 
02 00 00 00 00 00 07 00 00 00 01 00 00 00 00 00 
00 00 00 00 00 00 00 00 00 00 00 00 

[RETURN VALUE]
78 31 5F 76 63 63 00 00 78 32 5F 76 63 63 00 00 
78 33 5F 76 63 63 00 00 78 34 5F 76 63 63 00 00 
78 31 5F 76 62 61 74 00 78 32 5F 76 62 61 74 00 
78 33 5F 76 62 61 74 00 78 34 5F 76 62 61 74 00 
73 74 5F 76 62 61 74 00 73 74 5F 33 76 33 00 00 
73 74 5F 35 76 00 00 00 67 73 5F 33 76 33 00 00 
67 73 5F 35 76 00 00 00 01 01 00 00 01 01 00 00 
01 01 01 00 00 00 00 00 00 00 00 00 00 00 00 00 
00 00 00 00 00 00 00 00 00 00 00 00 00 00 00 00 
00 00 00 00 00 00 00 00 00 00 00 00 00 00 00 00 
00 00 00 00 00 00 00 00 00 00 01 01 00 00 01 01 
00 00 01 01 01 00 00 01 01 00 00 01 01 00 00 01 
01 01 00 00 00 00 00 00 00 00 00 00 00 00 00 00 
00 00 00 00 00 00 00 00 00 00 00 00 00 00 00 00 
00 00 00 00 00 00 00 00 00 00 00 00 00 00 00 00 
00 00 00 00 00 00 00 00 C4 09 C4 09 C4 09 C4 09 
C4 09 C4 09 C4 09 C4 09 C4 09 C4 09 C4 09 C4 09 
C4 09 C4 09 C4 09 C4 09 C4 09 C4 09 C4 09 C4 09 
C4 09 C4 09 C4 09 C4 09 C4 09 C4 09 34 00 38 00 
0D 00 00 00 07 00 00 00 00 00 00 00 31 00 F8 01 
0F 00 08 00 0F 00 00 00 00 00 00 3F 00 00 00 00 
00 00 00 00 03 00 A0 41 D8 40 F4 33 C8 32 00 32 
01 00 00 00 32 00 00 01 00 00 00 00 2C 01 00 00 
3C 00 00 00 3C 00 00 00 05 05 00 00 00 00 00 00 
02 00 00 00 00 00 07 00 00 00 01 00 00 00 00 00 
00 00 00 00 00 00 00 00 00 00 00 00 

[BINARY DATA]
25 08 00 C0 15 02 00 D2 F9 A3 45 2D 00 00 00 00 75 18 15 05 00 00 00 00 9C 01 78 31 5F 76 63 63 00 00 78 32 5F 76 63 63 00 00 78 33 5F 76 63 63 00 00 78 34 5F 76 63 63 00 00 78 31 5F 76 62 61 74 00 78 32 5F 76 62 61 74 00 78 33 5F 76 62 61 74 00 78 34 5F 76 62 61 74 00 73 74 5F 76 62 61 74 00 73 74 5F 33 76 33 00 00 73 74 5F 35 76 00 00 00 67 73 5F 33 76 33 00 00 67 73 5F 35 76 00 00 00 01 01 00 00 01 01 00 00 01 01 01 00 00 00 00 00 00 00 00 00 00 00 00 00 00 00 00 00 00 00 00 00 00 00 00 00 00 00 00 00 00 00 00 00 00 00 00 00 00 00 00 00 00 00 00 00 00 00 00 00 00 00 00 00 00 00 01 01 00 00 01 01 00 00 01 01 01 00 00 01 01 00 00 01 01 00 00 01 01 01 00 00 00 00 00 00 00 00 00 00 00 00 00 00 00 00 00 00 00 00 00 00 00 00 00 00 00 00 00 00 00 00 00 00 00 00 00 00 00 00 00 00 00 00 00 00 00 00 00 00 00 00 00 00 C4 09 C4 09 C4 09 C4 09 C4 09 C4 09 C4 09 C4 09 C4 09 C4 09 C4 09 C4 09 C4 09 C4 09 C4 09 C4 09 C4 09 C4 09 C4 09 C4 09 C4 09 C4 09 C4 09 C4 09 C4 09 C4 09 34 00 38 00 0D 00 00 00 07 00 00 00 00 00 00 00 31 00 F8 01 0F 00 08 00 0F 00 00 00 00 00 00 3F 00 00 00 00 00 00 00 00 03 00 A0 41 D8 40 F4 33 C8 32 00 32 01 00 00 00 32 00 00 01 00 00 00 00 2C 01 00 00 3C 00 00 00 3C 00 00 00 05 05 00 00 00 00 00 00 02 00 00 00 00 00 07 00 00 00 01 00 00 00 00 00 00 00 00 00 00 00 00 00 00 00 00 00 00 00 00 00 00 00 00 00 00 00 00 00 00 00 00 00 00 00 00 00 00 00 00 00 00 00 00 00 00 00 00 00 00 00 00 00 00 00 00 00 00 00 00 00 00 00 00 00 00 00 00 00 00 00 00 00 00 00 00 00 00 00 00 00 00 00 00 00 00 00 00 00 00 00 00 00 00 00 00 00 00 00 00 00 00 00 00 00 00 00 00 00 00 00 00 00 00 00 00 00 00 00 
