================= REPORT SAVE =================

[CCSDS HEADER]
MsgId      : 0x0825
Seq        : 0xC000
Len        : 0x0215
TimeCode   : 00 BB 34 5C 32 C6
Padding    : 0x00000000

[REPORT BODY]
Reflected MID  : 0x1875
Reflected CC   : 0x1A
RetType        : 0x05
RetCode        : 0
RetValSize     : 124

================= PARSED BY MID/CC =================
ReflectedMID : 0x1875
ReflectedCC  : 0x1A
PayloadLen   : 124

[EPS P60 ACU GET TABLE HK]

[Inputs]
c_in[0..5]: 26 37 31 26 15 13
v_in[0..5]: 16792 16784 16770 16747 14098 14610

[Bus/Temp]
vbat: 16191
vcc : 3279
temp[0..2]: 122 124 125

[MPPT]
mppt_mode: 1
vboost[0..5]: 17446 18064 17123 18978 18145 17983
power[0..5]: 436 621 519 435 211 189

[DAC]
dac_en[0..2]: 1 1 1
dac_val[0..5]: 651 672 635 704 671 675

[Boot/Time]
bootcause : 0
bootcnt   : 256
uptime    : 150
resetcause: 0xB56E

[MPPT Timing]
mppt_time  : 25
mppt_period: 1

[Device]
device_type[0..7]: 22 0 49 0 0 0 7 1
device_status[0..7]: 1 3 3 3 4 0 1 1

[WDT]
wdt_cnt_gnd : 65793
wdt_gnd_left: 8

[PAYLOAD HEX]
1A 00 25 00 1F 00 1A 00 0F 00 0D 00 98 41 90 41 
82 41 6B 41 12 37 12 39 3F 3F CF 0C 7A 00 7C 00 
7D 00 01 00 26 44 90 46 E3 42 22 4A E1 46 3F 46 
B4 01 6D 02 07 02 B3 01 D3 00 BD 00 01 01 01 00 
8B 02 A0 02 7B 02 C0 02 9F 02 A3 02 00 00 00 00 
00 01 00 00 96 00 00 00 6E B5 19 00 01 00 16 00 
31 00 00 00 07 01 01 03 03 03 04 00 01 01 01 01 
01 01 01 00 08 00 00 00 49 0B 02 00 

[RETURN VALUE]
1A 00 25 00 1F 00 1A 00 0F 00 0D 00 98 41 90 41 
82 41 6B 41 12 37 12 39 3F 3F CF 0C 7A 00 7C 00 
7D 00 01 00 26 44 90 46 E3 42 22 4A E1 46 3F 46 
B4 01 6D 02 07 02 B3 01 D3 00 BD 00 01 01 01 00 
8B 02 A0 02 7B 02 C0 02 9F 02 A3 02 00 00 00 00 
00 01 00 00 96 00 00 00 6E B5 19 00 01 00 16 00 
31 00 00 00 07 01 01 03 03 03 04 00 01 01 01 01 
01 01 01 00 08 00 00 00 49 0B 02 00 

[BINARY DATA]
25 08 00 C0 15 02 00 BB 34 5C 32 C6 00 00 00 00 75 18 1A 05 00 00 00 00 7C 00 1A 00 25 00 1F 00 1A 00 0F 00 0D 00 98 41 90 41 82 41 6B 41 12 37 12 39 3F 3F CF 0C 7A 00 7C 00 7D 00 01 00 26 44 90 46 E3 42 22 4A E1 46 3F 46 B4 01 6D 02 07 02 B3 01 D3 00 BD 00 01 01 01 00 8B 02 A0 02 7B 02 C0 02 9F 02 A3 02 00 00 00 00 00 01 00 00 96 00 00 00 6E B5 19 00 01 00 16 00 31 00 00 00 07 01 01 03 03 03 04 00 01 01 01 01 01 01 01 00 08 00 00 00 49 0B 02 00 00 00 00 00 00 00 00 00 00 00 00 00 00 00 00 00 00 00 00 00 00 00 00 00 00 00 00 00 00 00 00 00 00 00 00 00 00 00 00 00 00 00 00 00 00 00 00 00 00 00 00 00 00 00 00 00 00 00 00 00 00 00 00 00 00 00 00 00 00 00 00 00 00 00 00 00 00 00 00 00 00 00 00 00 00 00 00 00 00 00 00 00 00 00 00 00 00 00 00 00 00 00 00 00 00 00 00 00 00 00 00 00 00 00 00 00 00 00 00 00 00 00 00 00 00 00 00 00 00 00 00 00 00 00 00 00 00 00 00 00 00 00 00 00 00 00 00 00 00 00 00 00 00 00 00 00 00 00 00 00 00 00 00 00 00 00 00 00 00 00 00 00 00 00 00 00 00 00 00 00 00 00 00 00 00 00 00 00 00 00 00 00 00 00 00 00 00 00 00 00 00 00 00 00 00 00 00 00 00 00 00 00 00 00 00 00 00 00 00 00 00 00 00 00 00 00 00 00 00 00 00 00 00 00 00 00 00 00 00 00 00 00 00 00 00 00 00 00 00 00 00 00 00 00 00 00 00 00 00 00 00 00 00 00 00 00 00 00 00 00 00 00 00 00 00 00 00 00 00 00 00 00 00 00 00 00 00 00 00 00 00 00 00 00 00 00 00 00 00 00 00 00 00 00 00 00 00 00 00 00 00 00 00 00 00 00 00 00 00 00 00 00 00 00 00 00 00 00 00 00 00 00 00 00 00 00 00 00 00 00 00 00 00 00 00 00 00 00 00 00 00 00 00 00 00 00 00 00 00 00 00 00 00 00 00 00 00 00 00 00 00 00 00 00 00 00 00 00 00 00 00 00 00 00 00 00 00 00 00 00 
