================= REPORT SAVE =================

[CCSDS HEADER]
MsgId      : 0x0825
Seq        : 0xC000
Len        : 0x0215
TimeCode   : 00 BB 34 CD C8 E4
Padding    : 0x00000000

[REPORT BODY]
Reflected MID  : 0x1875
Reflected CC   : 0x1A
RetType        : 0x05
RetCode        : 0
RetValSize     : 124

================= PARSED BY MID/CC =================
ReflectedMID : 0x1875
ReflectedCC  : 0x1A
PayloadLen   : 124

[EPS P60 ACU GET TABLE HK]

[Inputs]
c_in[0..5]: 283 287 356 355 339 346
v_in[0..5]: 2525 2543 2571 2552 2579 2569

[Bus/Temp]
vbat: 16253
vcc : 3279
temp[0..2]: 137 136 139

[MPPT]
mppt_mode: 1
vboost[0..5]: 2688 2688 2688 2688 2688 2688
power[0..5]: 714 729 915 905 874 888

[DAC]
dac_en[0..2]: 1 1 1
dac_val[0..5]: 96 96 96 96 96 96

[Boot/Time]
bootcause : 0
bootcnt   : 256
uptime    : 150
resetcause: 0xB5E0

[MPPT Timing]
mppt_time  : 25
mppt_period: 1

[Device]
device_type[0..7]: 22 0 49 0 0 0 7 1
device_status[0..7]: 1 3 3 3 4 0 1 1

[WDT]
wdt_cnt_gnd : 65793
wdt_gnd_left: 8

[PAYLOAD HEX]
1B 01 1F 01 64 01 63 01 53 01 5A 01 DD 09 EF 09 
0B 0A F8 09 13 0A 09 0A 7D 3F CF 0C 89 00 88 00 
8B 00 01 00 80 0A 80 0A 80 0A 80 0A 80 0A 80 0A 
CA 02 D9 02 93 03 89 03 6A 03 78 03 01 01 01 00 
60 00 60 00 60 00 60 00 60 00 60 00 00 00 00 00 
00 01 00 00 96 00 00 00 E0 B5 19 00 01 00 16 00 
31 00 00 00 07 01 01 03 03 03 04 00 01 01 01 01 
01 01 01 00 08 00 00 00 C3 A2 02 00 

[RETURN VALUE]
1B 01 1F 01 64 01 63 01 53 01 5A 01 DD 09 EF 09 
0B 0A F8 09 13 0A 09 0A 7D 3F CF 0C 89 00 88 00 
8B 00 01 00 80 0A 80 0A 80 0A 80 0A 80 0A 80 0A 
CA 02 D9 02 93 03 89 03 6A 03 78 03 01 01 01 00 
60 00 60 00 60 00 60 00 60 00 60 00 00 00 00 00 
00 01 00 00 96 00 00 00 E0 B5 19 00 01 00 16 00 
31 00 00 00 07 01 01 03 03 03 04 00 01 01 01 01 
01 01 01 00 08 00 00 00 C3 A2 02 00 

[BINARY DATA]
25 08 00 C0 15 02 00 BB 34 CD C8 E4 00 00 00 00 75 18 1A 05 00 00 00 00 7C 00 1B 01 1F 01 64 01 63 01 53 01 5A 01 DD 09 EF 09 0B 0A F8 09 13 0A 09 0A 7D 3F CF 0C 89 00 88 00 8B 00 01 00 80 0A 80 0A 80 0A 80 0A 80 0A 80 0A CA 02 D9 02 93 03 89 03 6A 03 78 03 01 01 01 00 60 00 60 00 60 00 60 00 60 00 60 00 00 00 00 00 00 01 00 00 96 00 00 00 E0 B5 19 00 01 00 16 00 31 00 00 00 07 01 01 03 03 03 04 00 01 01 01 01 01 01 01 00 08 00 00 00 C3 A2 02 00 00 00 00 00 00 00 00 00 00 00 00 00 00 00 00 00 00 00 00 00 00 00 00 00 00 00 00 00 00 00 00 00 00 00 00 00 00 00 00 00 00 00 00 00 00 00 00 00 00 00 00 00 00 00 00 00 00 00 00 00 00 00 00 00 00 00 00 00 00 00 00 00 00 00 00 00 00 00 00 00 00 00 00 00 00 00 00 00 00 00 00 00 00 00 00 00 00 00 00 00 00 00 00 00 00 00 00 00 00 00 00 00 00 00 00 00 00 00 00 00 00 00 00 00 00 00 00 00 00 00 00 00 00 00 00 00 00 00 00 00 00 00 00 00 00 00 00 00 00 00 00 00 00 00 00 00 00 00 00 00 00 00 00 00 00 00 00 00 00 00 00 00 00 00 00 00 00 00 00 00 00 00 00 00 00 00 00 00 00 00 00 00 00 00 00 00 00 00 00 00 00 00 00 00 00 00 00 00 00 00 00 00 00 00 00 00 00 00 00 00 00 00 00 00 00 00 00 00 00 00 00 00 00 00 00 00 00 00 00 00 00 00 00 00 00 00 00 00 00 00 00 00 00 00 00 00 00 00 00 00 00 00 00 00 00 00 00 00 00 00 00 00 00 00 00 00 00 00 00 00 00 00 00 00 00 00 00 00 00 00 00 00 00 00 00 00 00 00 00 00 00 00 00 00 00 00 00 00 00 00 00 00 00 00 00 00 00 00 00 00 00 00 00 00 00 00 00 00 00 00 00 00 00 00 00 00 00 00 00 00 00 00 00 00 00 00 00 00 00 00 00 00 00 00 00 00 00 00 00 00 00 00 00 00 00 00 00 00 00 00 00 00 00 00 00 00 00 00 00 00 00 00 00 00 00 00 00 00 00 00 
