================= REPORT SAVE =================

[CCSDS HEADER]
MsgId      : 0x0825
Seq        : 0xC000
Len        : 0x0215
TimeCode   : 00 BA 9C 83 38 D4
Padding    : 0x00000000

[REPORT BODY]
Reflected MID  : 0x1875
Reflected CC   : 0x1A
RetType        : 0x05
RetCode        : 0
RetValSize     : 124

================= PARSED BY MID/CC =================
ReflectedMID : 0x1875
ReflectedCC  : 0x1A
PayloadLen   : 124

[EPS P60 ACU GET TABLE HK]

[Inputs]
c_in[0..5]: 10 20 17 20 17 21
v_in[0..5]: 1221 1175 1202 1227 1269 1236

[Bus/Temp]
vbat: 16222
vcc : 3275
temp[0..2]: 222 223 224

[MPPT]
mppt_mode: 1
vboost[0..5]: 16774 16774 16774 16774 16774 16774
power[0..5]: 12 23 20 24 21 25

[DAC]
dac_en[0..2]: 1 1 1
dac_val[0..5]: 621 621 621 621 621 621

[Boot/Time]
bootcause : 0
bootcnt   : 256
uptime    : 150
resetcause: 0x1D83

[MPPT Timing]
mppt_time  : 25
mppt_period: 1

[Device]
device_type[0..7]: 22 0 49 0 0 0 7 1
device_status[0..7]: 1 3 3 3 4 0 1 1

[WDT]
wdt_cnt_gnd : 65793
wdt_gnd_left: 8

[PAYLOAD HEX]
0A 00 14 00 11 00 14 00 11 00 15 00 C5 04 97 04 
B2 04 CB 04 F5 04 D4 04 5E 3F CB 0C DE 00 DF 00 
E0 00 01 00 86 41 86 41 86 41 86 41 86 41 86 41 
0C 00 17 00 14 00 18 00 15 00 19 00 01 01 01 00 
6D 02 6D 02 6D 02 6D 02 6D 02 6D 02 00 00 00 00 
00 01 00 00 96 00 00 00 83 1D 19 00 01 00 16 00 
31 00 00 00 07 01 01 03 03 03 04 00 01 01 01 01 
01 01 01 00 08 00 00 00 48 8D 02 00 

[RETURN VALUE]
0A 00 14 00 11 00 14 00 11 00 15 00 C5 04 97 04 
B2 04 CB 04 F5 04 D4 04 5E 3F CB 0C DE 00 DF 00 
E0 00 01 00 86 41 86 41 86 41 86 41 86 41 86 41 
0C 00 17 00 14 00 18 00 15 00 19 00 01 01 01 00 
6D 02 6D 02 6D 02 6D 02 6D 02 6D 02 00 00 00 00 
00 01 00 00 96 00 00 00 83 1D 19 00 01 00 16 00 
31 00 00 00 07 01 01 03 03 03 04 00 01 01 01 01 
01 01 01 00 08 00 00 00 48 8D 02 00 

[BINARY DATA]
25 08 00 C0 15 02 00 BA 9C 83 38 D4 00 00 00 00 75 18 1A 05 00 00 00 00 7C 00 0A 00 14 00 11 00 14 00 11 00 15 00 C5 04 97 04 B2 04 CB 04 F5 04 D4 04 5E 3F CB 0C DE 00 DF 00 E0 00 01 00 86 41 86 41 86 41 86 41 86 41 86 41 0C 00 17 00 14 00 18 00 15 00 19 00 01 01 01 00 6D 02 6D 02 6D 02 6D 02 6D 02 6D 02 00 00 00 00 00 01 00 00 96 00 00 00 83 1D 19 00 01 00 16 00 31 00 00 00 07 01 01 03 03 03 04 00 01 01 01 01 01 01 01 00 08 00 00 00 48 8D 02 00 00 00 00 00 00 00 00 00 00 00 00 00 00 00 00 00 00 00 00 00 00 00 00 00 00 00 00 00 00 00 00 00 00 00 00 00 00 00 00 00 00 00 00 00 00 00 00 00 00 00 00 00 00 00 00 00 00 00 00 00 00 00 00 00 00 00 00 00 00 00 00 00 00 00 00 00 00 00 00 00 00 00 00 00 00 00 00 00 00 00 00 00 00 00 00 00 00 00 00 00 00 00 00 00 00 00 00 00 00 00 00 00 00 00 00 00 00 00 00 00 00 00 00 00 00 00 00 00 00 00 00 00 00 00 00 00 00 00 00 00 00 00 00 00 00 00 00 00 00 00 00 00 00 00 00 00 00 00 00 00 00 00 00 00 00 00 00 00 00 00 00 00 00 00 00 00 00 00 00 00 00 00 00 00 00 00 00 00 00 00 00 00 00 00 00 00 00 00 00 00 00 00 00 00 00 00 00 00 00 00 00 00 00 00 00 00 00 00 00 00 00 00 00 00 00 00 00 00 00 00 00 00 00 00 00 00 00 00 00 00 00 00 00 00 00 00 00 00 00 00 00 00 00 00 00 00 00 00 00 00 00 00 00 00 00 00 00 00 00 00 00 00 00 00 00 00 00 00 00 00 00 00 00 00 00 00 00 00 00 00 00 00 00 00 00 00 00 00 00 00 00 00 00 00 00 00 00 00 00 00 00 00 00 00 00 00 00 00 00 00 00 00 00 00 00 00 00 00 00 00 00 00 00 00 00 00 00 00 00 00 00 00 00 00 00 00 00 00 00 00 00 00 00 00 00 00 00 00 00 00 00 00 00 00 00 00 00 00 00 00 00 00 00 00 00 00 00 00 00 00 00 00 00 00 00 00 00 00 00 00 
