================= REPORT SAVE =================

[CCSDS HEADER]
MsgId      : 0x0825
Seq        : 0xC000
Len        : 0x0215
TimeCode   : 00 CE FD CE 90 AC
Padding    : 0x00000000

[REPORT BODY]
Reflected MID  : 0x1875
Reflected CC   : 0x14
RetType        : 0x05
RetCode        : 0
RetValSize     : 188

================= PARSED BY MID/CC =================
ReflectedMID : 0x1875
ReflectedCC  : 0x14
PayloadLen   : 188

[EPS P60 DOCK GET TABLE HK]

[Report Data]
c_out[0..12]: 51 59 13 0 6 0 -8 -8 161 503 18 12 15
v_out[0..12]: 0 0 0 0 16168 16153 275 275 16147 0 0 0 0
out_en[0..12]: 1 1 0 0 1 1 0 0 1 1 1 0 0

[Temps]
temp[0..1]: 0 180

[Boot/Time]
bootcause              : 256
bootcnt                : 170
uptime                 : 260417
resetcause             : 0x0001

[Modes/Flags]
batt_mode              : 3
heater_on              : 0
conv_5v_en              : 1

[Latchups]
latchup[0..12]: 0 0 0 0 0 0 0 0 0 0 0 0 0

[Battery/Power]
vbat_v                 : 16149
vcc_c                  : -107
batt_c                 : -41
batt_v                 : 16156
batt_temp[0..1]: 0 0

[Device]
device_type[0..7]: 7 2 2 1 4 6 0 0
device_status[0..7]: 1 1 1 1 1 1 0 0
dearm_status           : 0

[WDT Counters]
wdt_cnt_gnd            : 8
wdt_cnt_i2c            : 0
wdt_cnt_can            : 4
wdt_cnt_csp[0..1]: 0 41

[WDT Left]
wdt_gnd_left           : 167153
wdt_i2c_left           : 0
wdt_can_left           : 296
wdt_csp_left[0..1]: 5 5

[Battery Currents]
batt_chrg              : 283
batt_dischrg           : 324

[Deploy]
ant6_depl              : 3
ar6_depl               : 3

[PAYLOAD HEX]
33 00 3B 00 0D 00 00 00 06 00 00 00 F8 FF F8 FF 
A1 00 F7 01 12 00 0C 00 0F 00 00 00 00 00 00 00 
00 00 28 3F 19 3F 13 01 13 01 13 3F 00 00 00 00 
00 00 00 00 01 01 00 00 01 01 00 00 01 01 01 00 
00 00 00 00 B4 00 B2 00 00 01 00 00 AA 00 00 00 
41 F9 03 00 01 00 03 00 01 00 00 00 00 00 00 00 
00 00 00 00 00 00 00 00 00 00 00 00 00 00 00 00 
00 00 00 00 15 3F 95 FF D7 FF 1C 3F 00 00 00 00 
07 02 02 01 04 06 00 00 01 01 01 01 01 01 00 00 
00 00 00 00 08 00 00 00 00 00 00 00 04 00 00 00 
00 00 00 00 29 00 00 00 F1 8C 02 00 00 00 00 00 
28 01 00 00 05 05 1B 01 44 01 03 03 

[RETURN VALUE]
33 00 3B 00 0D 00 00 00 06 00 00 00 F8 FF F8 FF 
A1 00 F7 01 12 00 0C 00 0F 00 00 00 00 00 00 00 
00 00 28 3F 19 3F 13 01 13 01 13 3F 00 00 00 00 
00 00 00 00 01 01 00 00 01 01 00 00 01 01 01 00 
00 00 00 00 B4 00 B2 00 00 01 00 00 AA 00 00 00 
41 F9 03 00 01 00 03 00 01 00 00 00 00 00 00 00 
00 00 00 00 00 00 00 00 00 00 00 00 00 00 00 00 
00 00 00 00 15 3F 95 FF D7 FF 1C 3F 00 00 00 00 
07 02 02 01 04 06 00 00 01 01 01 01 01 01 00 00 
00 00 00 00 08 00 00 00 00 00 00 00 04 00 00 00 
00 00 00 00 29 00 00 00 F1 8C 02 00 00 00 00 00 
28 01 00 00 05 05 1B 01 44 01 03 03 

[BINARY DATA]
25 08 00 C0 15 02 00 CE FD CE 90 AC 00 00 00 00 75 18 14 05 00 00 00 00 BC 00 33 00 3B 00 0D 00 00 00 06 00 00 00 F8 FF F8 FF A1 00 F7 01 12 00 0C 00 0F 00 00 00 00 00 00 00 00 00 28 3F 19 3F 13 01 13 01 13 3F 00 00 00 00 00 00 00 00 01 01 00 00 01 01 00 00 01 01 01 00 00 00 00 00 B4 00 B2 00 00 01 00 00 AA 00 00 00 41 F9 03 00 01 00 03 00 01 00 00 00 00 00 00 00 00 00 00 00 00 00 00 00 00 00 00 00 00 00 00 00 00 00 00 00 15 3F 95 FF D7 FF 1C 3F 00 00 00 00 07 02 02 01 04 06 00 00 01 01 01 01 01 01 00 00 00 00 00 00 08 00 00 00 00 00 00 00 04 00 00 00 00 00 00 00 29 00 00 00 F1 8C 02 00 00 00 00 00 28 01 00 00 05 05 1B 01 44 01 03 03 00 00 00 00 00 00 00 00 00 00 00 00 00 00 00 00 00 00 00 00 00 00 00 00 00 00 00 00 00 00 00 00 00 00 00 00 00 00 00 00 00 00 00 00 00 00 00 00 00 00 00 00 00 00 00 00 00 00 00 00 00 00 00 00 00 00 00 00 00 00 00 00 00 00 00 00 00 00 00 00 00 00 00 00 00 00 00 00 00 00 00 00 00 00 00 00 00 00 00 00 00 00 00 00 00 00 00 00 00 00 00 00 00 00 00 00 00 00 00 00 00 00 00 00 00 00 00 00 00 00 00 00 00 00 00 00 00 00 00 00 00 00 00 00 00 00 00 00 00 00 00 00 00 00 00 00 00 00 00 00 00 00 00 00 00 00 00 00 00 00 00 00 00 00 00 00 00 00 00 00 00 00 00 00 00 00 00 00 00 00 00 00 00 00 00 00 00 00 00 00 00 00 00 00 00 00 00 00 00 00 00 00 00 00 00 00 00 00 00 00 00 00 00 00 00 00 00 00 00 00 00 00 00 00 00 00 00 00 00 00 00 00 00 00 00 00 00 00 00 00 00 00 00 00 00 00 00 00 00 00 00 00 00 00 00 00 00 00 00 00 00 00 00 00 00 00 00 00 00 00 00 00 00 00 00 00 00 00 00 00 00 00 00 00 00 00 00 00 00 00 00 00 00 00 00 00 00 00 00 00 00 00 00 00 00 00 00 00 00 00 00 00 00 00 00 00 
