================= REPORT SAVE =================

[CCSDS HEADER]
MsgId      : 0x0825
Seq        : 0xC000
Len        : 0x0215
TimeCode   : 00 D4 4A F2 BF 1C
Padding    : 0x00000000

[REPORT BODY]
Reflected MID  : 0x1875
Reflected CC   : 0x1A
RetType        : 0x05
RetCode        : -110
RetValSize     : 124

================= PARSED BY MID/CC =================
ReflectedMID : 0x1875
ReflectedCC  : 0x1A
PayloadLen   : 124

[EPS P60 ACU GET TABLE HK]

[Inputs]
c_in[0..5]: 58 69 77 72 15 13
v_in[0..5]: 16903 16881 16881 16857 15340 15526

[Bus/Temp]
vbat: 16253
vcc : 3279
temp[0..2]: 110 111 112

[MPPT]
mppt_mode: 1
vboost[0..5]: 18629 18978 17607 18387 17930 17983
power[0..5]: 980 1164 1299 1213 230 201

[DAC]
dac_en[0..2]: 1 1 1
dac_val[0..5]: 693 706 657 682 667 669

[Boot/Time]
bootcause : 0
bootcnt   : 1
uptime    : 152
resetcause: 0xA53E

[MPPT Timing]
mppt_time  : 2
mppt_period: 1

[Device]
device_type[0..7]: 22 0 49 0 0 0 7 1
device_status[0..7]: 1 3 3 3 4 0 1 1

[WDT]
wdt_cnt_gnd : 65793
wdt_gnd_left: 8

[PAYLOAD HEX]
3A 00 45 00 4D 00 48 00 0F 00 0D 00 07 42 F1 41 
F1 41 D9 41 EC 3B A6 3C 7D 3F CF 0C 6E 00 6F 00 
70 00 01 00 C5 48 22 4A C7 44 D3 47 0A 46 3F 46 
D4 03 8C 04 13 05 BD 04 E6 00 C9 00 01 01 01 00 
B5 02 C2 02 91 02 AA 02 9B 02 9D 02 00 00 00 00 
01 00 00 00 98 00 00 00 3E A5 02 00 01 00 16 00 
31 00 00 00 07 01 01 03 03 03 04 00 01 01 01 01 
01 01 01 00 08 00 00 00 C2 A2 02 00 

[RETURN VALUE]
3A 00 45 00 4D 00 48 00 0F 00 0D 00 07 42 F1 41 
F1 41 D9 41 EC 3B A6 3C 7D 3F CF 0C 6E 00 6F 00 
70 00 01 00 C5 48 22 4A C7 44 D3 47 0A 46 3F 46 
D4 03 8C 04 13 05 BD 04 E6 00 C9 00 01 01 01 00 
B5 02 C2 02 91 02 AA 02 9B 02 9D 02 00 00 00 00 
01 00 00 00 98 00 00 00 3E A5 02 00 01 00 16 00 
31 00 00 00 07 01 01 03 03 03 04 00 01 01 01 01 
01 01 01 00 08 00 00 00 C2 A2 02 00 

[BINARY DATA]
25 08 00 C0 15 02 00 D4 4A F2 BF 1C 00 00 00 00 75 18 1A 05 92 FF FF FF 7C 00 3A 00 45 00 4D 00 48 00 0F 00 0D 00 07 42 F1 41 F1 41 D9 41 EC 3B A6 3C 7D 3F CF 0C 6E 00 6F 00 70 00 01 00 C5 48 22 4A C7 44 D3 47 0A 46 3F 46 D4 03 8C 04 13 05 BD 04 E6 00 C9 00 01 01 01 00 B5 02 C2 02 91 02 AA 02 9B 02 9D 02 00 00 00 00 01 00 00 00 98 00 00 00 3E A5 02 00 01 00 16 00 31 00 00 00 07 01 01 03 03 03 04 00 01 01 01 01 01 01 01 00 08 00 00 00 C2 A2 02 00 00 00 00 00 00 00 00 00 00 00 00 00 00 00 00 00 00 00 00 00 00 00 00 00 00 00 00 00 00 00 00 00 00 00 00 00 00 00 00 00 00 00 00 00 00 00 00 00 00 00 00 00 00 00 00 00 00 00 00 00 00 00 00 00 00 00 00 00 00 00 00 00 00 00 00 00 00 00 00 00 00 00 00 00 00 00 00 00 00 00 00 00 00 00 00 00 00 00 00 00 00 00 00 00 00 00 00 00 00 00 00 00 00 00 00 00 00 00 00 00 00 00 00 00 00 00 00 00 00 00 00 00 00 00 00 00 00 00 00 00 00 00 00 00 00 00 00 00 00 00 00 00 00 00 00 00 00 00 00 00 00 00 00 00 00 00 00 00 00 00 00 00 00 00 00 00 00 00 00 00 00 00 00 00 00 00 00 00 00 00 00 00 00 00 00 00 00 00 00 00 00 00 00 00 00 00 00 00 00 00 00 00 00 00 00 00 00 00 00 00 00 00 00 00 00 00 00 00 00 00 00 00 00 00 00 00 00 00 00 00 00 00 00 00 00 00 00 00 00 00 00 00 00 00 00 00 00 00 00 00 00 00 00 00 00 00 00 00 00 00 00 00 00 00 00 00 00 00 00 00 00 00 00 00 00 00 00 00 00 00 00 00 00 00 00 00 00 00 00 00 00 00 00 00 00 00 00 00 00 00 00 00 00 00 00 00 00 00 00 00 00 00 00 00 00 00 00 00 00 00 00 00 00 00 00 00 00 00 00 00 00 00 00 00 00 00 00 00 00 00 00 00 00 00 00 00 00 00 00 00 00 00 00 00 00 00 00 00 00 00 00 00 00 00 00 00 00 00 00 00 00 00 00 00 00 00 00 00 00 00 
