================= REPORT SAVE =================

[CCSDS HEADER]
MsgId      : 0x0825
Seq        : 0xC000
Len        : 0x0215
TimeCode   : 00 D7 96 6E D5 2E
Padding    : 0x00000000

[REPORT BODY]
Reflected MID  : 0x1865
Reflected CC   : 0x5A
RetType        : 0x00
RetCode        : 0
RetValSize     : 25

================= PARSED BY MID/CC =================
ReflectedMID : 0x1865
ReflectedCC  : 0x5A
PayloadLen   : 25

[UNKNOWN MID] No parser for ReflectedMID=0x1865

[PAYLOAD HEX]
43 94 EF 69 00 84 D7 17 3E 73 7B 44 AB 3A CA C3 
D0 2D 7B 44 8C E7 C8 C4 0F 

[RETURN VALUE]
43 94 EF 69 00 84 D7 17 3E 73 7B 44 AB 3A CA C3 
D0 2D 7B 44 8C E7 C8 C4 0F 

[BINARY DATA]
25 08 00 C0 15 02 00 D7 96 6E D5 2E 00 00 00 00 65 18 5A 00 00 00 00 00 19 00 43 94 EF 69 00 84 D7 17 3E 73 7B 44 AB 3A CA C3 D0 2D 7B 44 8C E7 C8 C4 0F 00 00 00 00 00 00 00 00 00 00 00 00 00 00 00 00 00 00 00 00 00 00 00 00 00 00 00 00 00 00 00 00 00 00 00 00 00 00 00 00 00 00 00 00 00 00 00 00 00 00 00 00 00 00 00 00 00 00 00 00 00 00 00 00 00 00 00 00 00 00 00 00 00 00 00 00 00 00 00 00 00 00 00 00 00 00 00 00 00 00 00 00 00 00 00 00 00 00 00 00 00 00 00 00 00 00 00 00 00 00 00 00 00 00 00 00 00 00 00 00 00 00 00 00 00 00 00 00 00 00 00 00 00 00 00 00 00 00 00 00 00 00 00 00 00 00 00 00 00 00 00 00 00 00 00 00 00 00 00 00 00 00 00 00 00 00 00 00 00 00 00 00 00 00 00 00 00 00 00 00 00 00 00 00 00 00 00 00 00 00 00 00 00 00 00 00 00 00 00 00 00 00 00 00 00 00 00 00 00 00 00 00 00 00 00 00 00 00 00 00 00 00 00 00 00 00 00 00 00 00 00 00 00 00 00 00 00 00 00 00 00 00 00 00 00 00 00 00 00 00 00 00 00 00 00 00 00 00 00 00 00 00 00 00 00 00 00 00 00 00 00 00 00 00 00 00 00 00 00 00 00 00 00 00 00 00 00 00 00 00 00 00 00 00 00 00 00 00 00 00 00 00 00 00 00 00 00 00 00 00 00 00 00 00 00 00 00 00 00 00 00 00 00 00 00 00 00 00 00 00 00 00 00 00 00 00 00 00 00 00 00 00 00 00 00 00 00 00 00 00 00 00 00 00 00 00 00 00 00 00 00 00 00 00 00 00 00 00 00 00 00 00 00 00 00 00 00 00 00 00 00 00 00 00 00 00 00 00 00 00 00 00 00 00 00 00 00 00 00 00 00 00 00 00 00 00 00 00 00 00 00 00 00 00 00 00 00 00 00 00 00 00 00 00 00 00 00 00 00 00 00 00 00 00 00 00 00 00 00 00 00 00 00 00 00 00 00 00 00 00 00 00 00 00 00 00 00 00 00 00 00 00 00 00 00 00 00 00 00 00 00 00 00 00 00 00 00 00 00 00 00 00 00 00 00 00 00 00 00 
