================= REPORT SAVE =================

[CCSDS HEADER]
MsgId      : 0x0825
Seq        : 0xC000
Len        : 0x0215
TimeCode   : 00 D4 34 D2 BF 49
Padding    : 0x00000000

[REPORT BODY]
Reflected MID  : 0x1875
Reflected CC   : 0x1A
RetType        : 0x05
RetCode        : 0
RetValSize     : 124

================= PARSED BY MID/CC =================
ReflectedMID : 0x1875
ReflectedCC  : 0x1A
PayloadLen   : 124

[EPS P60 ACU GET TABLE HK]

[Inputs]
c_in[0..5]: 128 138 129 126 15 13
v_in[0..5]: 16959 16936 16936 16913 15285 15443

[Bus/Temp]
vbat: 16316
vcc : 3279
temp[0..2]: 117 116 117

[MPPT]
mppt_mode: 1
vboost[0..5]: 18467 18817 17553 17419 17876 18091
power[0..5]: 2170 2337 2184 2131 229 200

[DAC]
dac_en[0..2]: 1 1 1
dac_val[0..5]: 687 700 653 648 665 673

[Boot/Time]
bootcause : 0
bootcnt   : 1
uptime    : 152
resetcause: 0x8F1C

[MPPT Timing]
mppt_time  : 2
mppt_period: 1

[Device]
device_type[0..7]: 22 0 49 0 0 0 7 1
device_status[0..7]: 1 3 3 3 4 0 1 1

[WDT]
wdt_cnt_gnd : 65793
wdt_gnd_left: 8

[PAYLOAD HEX]
80 00 8A 00 81 00 7E 00 0F 00 0D 00 3F 42 28 42 
28 42 11 42 B5 3B 53 3C BC 3F CF 0C 75 00 74 00 
75 00 01 00 23 48 81 49 91 44 0B 44 D4 45 AB 46 
7A 08 21 09 88 08 53 08 E5 00 C8 00 01 01 01 00 
AF 02 BC 02 8D 02 88 02 99 02 A1 02 00 00 00 00 
01 00 00 00 98 00 00 00 1C 8F 02 00 01 00 16 00 
31 00 00 00 07 01 01 03 03 03 04 00 01 01 01 01 
01 01 01 00 08 00 00 00 C2 A2 02 00 

[RETURN VALUE]
80 00 8A 00 81 00 7E 00 0F 00 0D 00 3F 42 28 42 
28 42 11 42 B5 3B 53 3C BC 3F CF 0C 75 00 74 00 
75 00 01 00 23 48 81 49 91 44 0B 44 D4 45 AB 46 
7A 08 21 09 88 08 53 08 E5 00 C8 00 01 01 01 00 
AF 02 BC 02 8D 02 88 02 99 02 A1 02 00 00 00 00 
01 00 00 00 98 00 00 00 1C 8F 02 00 01 00 16 00 
31 00 00 00 07 01 01 03 03 03 04 00 01 01 01 01 
01 01 01 00 08 00 00 00 C2 A2 02 00 

[BINARY DATA]
25 08 00 C0 15 02 00 D4 34 D2 BF 49 00 00 00 00 75 18 1A 05 00 00 00 00 7C 00 80 00 8A 00 81 00 7E 00 0F 00 0D 00 3F 42 28 42 28 42 11 42 B5 3B 53 3C BC 3F CF 0C 75 00 74 00 75 00 01 00 23 48 81 49 91 44 0B 44 D4 45 AB 46 7A 08 21 09 88 08 53 08 E5 00 C8 00 01 01 01 00 AF 02 BC 02 8D 02 88 02 99 02 A1 02 00 00 00 00 01 00 00 00 98 00 00 00 1C 8F 02 00 01 00 16 00 31 00 00 00 07 01 01 03 03 03 04 00 01 01 01 01 01 01 01 00 08 00 00 00 C2 A2 02 00 00 00 00 00 00 00 00 00 00 00 00 00 00 00 00 00 00 00 00 00 00 00 00 00 00 00 00 00 00 00 00 00 00 00 00 00 00 00 00 00 00 00 00 00 00 00 00 00 00 00 00 00 00 00 00 00 00 00 00 00 00 00 00 00 00 00 00 00 00 00 00 00 00 00 00 00 00 00 00 00 00 00 00 00 00 00 00 00 00 00 00 00 00 00 00 00 00 00 00 00 00 00 00 00 00 00 00 00 00 00 00 00 00 00 00 00 00 00 00 00 00 00 00 00 00 00 00 00 00 00 00 00 00 00 00 00 00 00 00 00 00 00 00 00 00 00 00 00 00 00 00 00 00 00 00 00 00 00 00 00 00 00 00 00 00 00 00 00 00 00 00 00 00 00 00 00 00 00 00 00 00 00 00 00 00 00 00 00 00 00 00 00 00 00 00 00 00 00 00 00 00 00 00 00 00 00 00 00 00 00 00 00 00 00 00 00 00 00 00 00 00 00 00 00 00 00 00 00 00 00 00 00 00 00 00 00 00 00 00 00 00 00 00 00 00 00 00 00 00 00 00 00 00 00 00 00 00 00 00 00 00 00 00 00 00 00 00 00 00 00 00 00 00 00 00 00 00 00 00 00 00 00 00 00 00 00 00 00 00 00 00 00 00 00 00 00 00 00 00 00 00 00 00 00 00 00 00 00 00 00 00 00 00 00 00 00 00 00 00 00 00 00 00 00 00 00 00 00 00 00 00 00 00 00 00 00 00 00 00 00 00 00 00 00 00 00 00 00 00 00 00 00 00 00 00 00 00 00 00 00 00 00 00 00 00 00 00 00 00 00 00 00 00 00 00 00 00 00 00 00 00 00 00 00 00 00 00 00 00 00 
