================= REPORT SAVE =================

[CCSDS HEADER]
MsgId      : 0x0825
Seq        : 0xC000
Len        : 0x0215
TimeCode   : 00 C4 66 7F C4 D7
Padding    : 0x00000000

[REPORT BODY]
Reflected MID  : 0x1875
Reflected CC   : 0x1A
RetType        : 0x05
RetCode        : 0
RetValSize     : 124

================= PARSED BY MID/CC =================
ReflectedMID : 0x1875
ReflectedCC  : 0x1A
PayloadLen   : 124

[EPS P60 ACU GET TABLE HK]

[Inputs]
c_in[0..5]: 120 136 125 121 15 13
v_in[0..5]: 16862 16853 16840 16830 14140 14457

[Bus/Temp]
vbat: 16222
vcc : 3275
temp[0..2]: 205 204 204

[MPPT]
mppt_mode: 1
vboost[0..5]: 17876 17069 17661 18548 17983 18145
power[0..5]: 2023 2292 2105 2036 212 187

[DAC]
dac_en[0..2]: 1 1 1
dac_val[0..5]: 669 635 655 688 669 671

[Boot/Time]
bootcause : 0
bootcnt   : 256
uptime    : 150
resetcause: 0xE8B2

[MPPT Timing]
mppt_time  : 34
mppt_period: 1

[Device]
device_type[0..7]: 22 0 49 0 0 0 7 1
device_status[0..7]: 1 3 3 3 4 0 1 1

[WDT]
wdt_cnt_gnd : 65793
wdt_gnd_left: 8

[PAYLOAD HEX]
78 00 88 00 7D 00 79 00 0F 00 0D 00 DE 41 D5 41 
C8 41 BE 41 3C 37 79 38 5E 3F CB 0C CD 00 CC 00 
CC 00 01 00 D4 45 AD 42 FD 44 74 48 3F 46 E1 46 
E7 07 F4 08 39 08 F4 07 D4 00 BB 00 01 01 01 00 
9D 02 7B 02 8F 02 B0 02 9D 02 9F 02 00 00 00 00 
00 01 00 00 96 00 00 00 B2 E8 22 00 01 00 16 00 
31 00 00 00 07 01 01 03 03 03 04 00 01 01 01 01 
01 01 01 00 08 00 00 00 83 A2 02 00 

[RETURN VALUE]
78 00 88 00 7D 00 79 00 0F 00 0D 00 DE 41 D5 41 
C8 41 BE 41 3C 37 79 38 5E 3F CB 0C CD 00 CC 00 
CC 00 01 00 D4 45 AD 42 FD 44 74 48 3F 46 E1 46 
E7 07 F4 08 39 08 F4 07 D4 00 BB 00 01 01 01 00 
9D 02 7B 02 8F 02 B0 02 9D 02 9F 02 00 00 00 00 
00 01 00 00 96 00 00 00 B2 E8 22 00 01 00 16 00 
31 00 00 00 07 01 01 03 03 03 04 00 01 01 01 01 
01 01 01 00 08 00 00 00 83 A2 02 00 

[BINARY DATA]
25 08 00 C0 15 02 00 C4 66 7F C4 D7 00 00 00 00 75 18 1A 05 00 00 00 00 7C 00 78 00 88 00 7D 00 79 00 0F 00 0D 00 DE 41 D5 41 C8 41 BE 41 3C 37 79 38 5E 3F CB 0C CD 00 CC 00 CC 00 01 00 D4 45 AD 42 FD 44 74 48 3F 46 E1 46 E7 07 F4 08 39 08 F4 07 D4 00 BB 00 01 01 01 00 9D 02 7B 02 8F 02 B0 02 9D 02 9F 02 00 00 00 00 00 01 00 00 96 00 00 00 B2 E8 22 00 01 00 16 00 31 00 00 00 07 01 01 03 03 03 04 00 01 01 01 01 01 01 01 00 08 00 00 00 83 A2 02 00 00 00 00 00 00 00 00 00 00 00 00 00 00 00 00 00 00 00 00 00 00 00 00 00 00 00 00 00 00 00 00 00 00 00 00 00 00 00 00 00 00 00 00 00 00 00 00 00 00 00 00 00 00 00 00 00 00 00 00 00 00 00 00 00 00 00 00 00 00 00 00 00 00 00 00 00 00 00 00 00 00 00 00 00 00 00 00 00 00 00 00 00 00 00 00 00 00 00 00 00 00 00 00 00 00 00 00 00 00 00 00 00 00 00 00 00 00 00 00 00 00 00 00 00 00 00 00 00 00 00 00 00 00 00 00 00 00 00 00 00 00 00 00 00 00 00 00 00 00 00 00 00 00 00 00 00 00 00 00 00 00 00 00 00 00 00 00 00 00 00 00 00 00 00 00 00 00 00 00 00 00 00 00 00 00 00 00 00 00 00 00 00 00 00 00 00 00 00 00 00 00 00 00 00 00 00 00 00 00 00 00 00 00 00 00 00 00 00 00 00 00 00 00 00 00 00 00 00 00 00 00 00 00 00 00 00 00 00 00 00 00 00 00 00 00 00 00 00 00 00 00 00 00 00 00 00 00 00 00 00 00 00 00 00 00 00 00 00 00 00 00 00 00 00 00 00 00 00 00 00 00 00 00 00 00 00 00 00 00 00 00 00 00 00 00 00 00 00 00 00 00 00 00 00 00 00 00 00 00 00 00 00 00 00 00 00 00 00 00 00 00 00 00 00 00 00 00 00 00 00 00 00 00 00 00 00 00 00 00 00 00 00 00 00 00 00 00 00 00 00 00 00 00 00 00 00 00 00 00 00 00 00 00 00 00 00 00 00 00 00 00 00 00 00 00 00 00 00 00 00 00 00 00 00 00 00 00 00 00 00 
