================= REPORT SAVE =================

[CCSDS HEADER]
MsgId      : 0x0825
Seq        : 0xC000
Len        : 0x0215
TimeCode   : 00 C7 C7 40 40 D3
Padding    : 0x00000000

[REPORT BODY]
Reflected MID  : 0x1865
Reflected CC   : 0x4A
RetType        : 0x00
RetCode        : 0
RetValSize     : 64

================= PARSED BY MID/CC =================
ReflectedMID : 0x1865
ReflectedCC  : 0x4A
PayloadLen   : 64

[UNKNOWN MID] No parser for ReflectedMID=0x1865

[PAYLOAD HEX]
05 C9 12 88 0E 7C D9 40 9D 11 A5 BD C1 6F 58 40 
05 34 11 36 3C 6D 3A 40 D0 77 5C F9 D1 15 51 3F 
DC 46 03 78 0B 84 6C 40 10 E9 B7 AF 03 7D 60 40 
CC 00 61 F1 E5 D9 2D 40 5C 36 21 4A 07 2D 3C 3F 

[RETURN VALUE]
05 C9 12 88 0E 7C D9 40 9D 11 A5 BD C1 6F 58 40 
05 34 11 36 3C 6D 3A 40 D0 77 5C F9 D1 15 51 3F 
DC 46 03 78 0B 84 6C 40 10 E9 B7 AF 03 7D 60 40 
CC 00 61 F1 E5 D9 2D 40 5C 36 21 4A 07 2D 3C 3F 

[BINARY DATA]
25 08 00 C0 15 02 00 C7 C7 40 40 D3 00 00 00 00 65 18 4A 00 00 00 00 00 40 00 05 C9 12 88 0E 7C D9 40 9D 11 A5 BD C1 6F 58 40 05 34 11 36 3C 6D 3A 40 D0 77 5C F9 D1 15 51 3F DC 46 03 78 0B 84 6C 40 10 E9 B7 AF 03 7D 60 40 CC 00 61 F1 E5 D9 2D 40 5C 36 21 4A 07 2D 3C 3F 00 00 00 00 00 00 00 00 00 00 00 00 00 00 00 00 00 00 00 00 00 00 00 00 00 00 00 00 00 00 00 00 00 00 00 00 00 00 00 00 00 00 00 00 00 00 00 00 00 00 00 00 00 00 00 00 00 00 00 00 00 00 00 00 00 00 00 00 00 00 00 00 00 00 00 00 00 00 00 00 00 00 00 00 00 00 00 00 00 00 00 00 00 00 00 00 00 00 00 00 00 00 00 00 00 00 00 00 00 00 00 00 00 00 00 00 00 00 00 00 00 00 00 00 00 00 00 00 00 00 00 00 00 00 00 00 00 00 00 00 00 00 00 00 00 00 00 00 00 00 00 00 00 00 00 00 00 00 00 00 00 00 00 00 00 00 00 00 00 00 00 00 00 00 00 00 00 00 00 00 00 00 00 00 00 00 00 00 00 00 00 00 00 00 00 00 00 00 00 00 00 00 00 00 00 00 00 00 00 00 00 00 00 00 00 00 00 00 00 00 00 00 00 00 00 00 00 00 00 00 00 00 00 00 00 00 00 00 00 00 00 00 00 00 00 00 00 00 00 00 00 00 00 00 00 00 00 00 00 00 00 00 00 00 00 00 00 00 00 00 00 00 00 00 00 00 00 00 00 00 00 00 00 00 00 00 00 00 00 00 00 00 00 00 00 00 00 00 00 00 00 00 00 00 00 00 00 00 00 00 00 00 00 00 00 00 00 00 00 00 00 00 00 00 00 00 00 00 00 00 00 00 00 00 00 00 00 00 00 00 00 00 00 00 00 00 00 00 00 00 00 00 00 00 00 00 00 00 00 00 00 00 00 00 00 00 00 00 00 00 00 00 00 00 00 00 00 00 00 00 00 00 00 00 00 00 00 00 00 00 00 00 00 00 00 00 00 00 00 00 00 00 00 00 00 00 00 00 00 00 00 00 00 00 00 00 00 00 00 00 00 00 00 00 00 00 00 00 00 00 00 00 00 00 00 00 00 00 00 00 00 00 00 00 00 00 00 00 00 00 
