================= REPORT SAVE =================

[CCSDS HEADER]
MsgId      : 0x0825
Seq        : 0xC000
Len        : 0x0215
TimeCode   : 00 BA 87 0B 7E D2
Padding    : 0x00000000

[REPORT BODY]
Reflected MID  : 0x1875
Reflected CC   : 0x1A
RetType        : 0x05
RetCode        : 0
RetValSize     : 124

================= PARSED BY MID/CC =================
ReflectedMID : 0x1875
ReflectedCC  : 0x1A
PayloadLen   : 124

[EPS P60 ACU GET TABLE HK]

[Inputs]
c_in[0..5]: 10 19 16 21 17 20
v_in[0..5]: 249 262 248 275 317 291

[Bus/Temp]
vbat: 16222
vcc : 3275
temp[0..2]: 205 204 205

[MPPT]
mppt_mode: 1
vboost[0..5]: 17822 17876 18091 18198 18037 17876
power[0..5]: 2 4 3 5 5 5

[DAC]
dac_en[0..2]: 1 1 1
dac_val[0..5]: 665 667 669 673 671 667

[Boot/Time]
bootcause : 0
bootcnt   : 256
uptime    : 150
resetcause: 0x0809

[MPPT Timing]
mppt_time  : 25
mppt_period: 1

[Device]
device_type[0..7]: 22 0 49 0 0 0 7 1
device_status[0..7]: 1 3 3 3 4 0 1 1

[WDT]
wdt_cnt_gnd : 65793
wdt_gnd_left: 8

[PAYLOAD HEX]
0A 00 13 00 10 00 15 00 11 00 14 00 F9 00 06 01 
F8 00 13 01 3D 01 23 01 5E 3F CB 0C CD 00 CC 00 
CD 00 01 00 9E 45 D4 45 AB 46 16 47 75 46 D4 45 
02 00 04 00 03 00 05 00 05 00 05 00 01 01 01 00 
99 02 9B 02 9D 02 A1 02 9F 02 9B 02 00 00 00 00 
00 01 00 00 96 00 00 00 09 08 19 00 01 00 16 00 
31 00 00 00 07 01 01 03 03 03 04 00 01 01 01 01 
01 01 01 00 08 00 00 00 C2 A2 02 00 

[RETURN VALUE]
0A 00 13 00 10 00 15 00 11 00 14 00 F9 00 06 01 
F8 00 13 01 3D 01 23 01 5E 3F CB 0C CD 00 CC 00 
CD 00 01 00 9E 45 D4 45 AB 46 16 47 75 46 D4 45 
02 00 04 00 03 00 05 00 05 00 05 00 01 01 01 00 
99 02 9B 02 9D 02 A1 02 9F 02 9B 02 00 00 00 00 
00 01 00 00 96 00 00 00 09 08 19 00 01 00 16 00 
31 00 00 00 07 01 01 03 03 03 04 00 01 01 01 01 
01 01 01 00 08 00 00 00 C2 A2 02 00 

[BINARY DATA]
25 08 00 C0 15 02 00 BA 87 0B 7E D2 00 00 00 00 75 18 1A 05 00 00 00 00 7C 00 0A 00 13 00 10 00 15 00 11 00 14 00 F9 00 06 01 F8 00 13 01 3D 01 23 01 5E 3F CB 0C CD 00 CC 00 CD 00 01 00 9E 45 D4 45 AB 46 16 47 75 46 D4 45 02 00 04 00 03 00 05 00 05 00 05 00 01 01 01 00 99 02 9B 02 9D 02 A1 02 9F 02 9B 02 00 00 00 00 00 01 00 00 96 00 00 00 09 08 19 00 01 00 16 00 31 00 00 00 07 01 01 03 03 03 04 00 01 01 01 01 01 01 01 00 08 00 00 00 C2 A2 02 00 00 00 00 00 00 00 00 00 00 00 00 00 00 00 00 00 00 00 00 00 00 00 00 00 00 00 00 00 00 00 00 00 00 00 00 00 00 00 00 00 00 00 00 00 00 00 00 00 00 00 00 00 00 00 00 00 00 00 00 00 00 00 00 00 00 00 00 00 00 00 00 00 00 00 00 00 00 00 00 00 00 00 00 00 00 00 00 00 00 00 00 00 00 00 00 00 00 00 00 00 00 00 00 00 00 00 00 00 00 00 00 00 00 00 00 00 00 00 00 00 00 00 00 00 00 00 00 00 00 00 00 00 00 00 00 00 00 00 00 00 00 00 00 00 00 00 00 00 00 00 00 00 00 00 00 00 00 00 00 00 00 00 00 00 00 00 00 00 00 00 00 00 00 00 00 00 00 00 00 00 00 00 00 00 00 00 00 00 00 00 00 00 00 00 00 00 00 00 00 00 00 00 00 00 00 00 00 00 00 00 00 00 00 00 00 00 00 00 00 00 00 00 00 00 00 00 00 00 00 00 00 00 00 00 00 00 00 00 00 00 00 00 00 00 00 00 00 00 00 00 00 00 00 00 00 00 00 00 00 00 00 00 00 00 00 00 00 00 00 00 00 00 00 00 00 00 00 00 00 00 00 00 00 00 00 00 00 00 00 00 00 00 00 00 00 00 00 00 00 00 00 00 00 00 00 00 00 00 00 00 00 00 00 00 00 00 00 00 00 00 00 00 00 00 00 00 00 00 00 00 00 00 00 00 00 00 00 00 00 00 00 00 00 00 00 00 00 00 00 00 00 00 00 00 00 00 00 00 00 00 00 00 00 00 00 00 00 00 00 00 00 00 00 00 00 00 00 00 00 00 00 00 00 00 00 00 00 00 00 00 
