================= REPORT SAVE =================

[CCSDS HEADER]
MsgId      : 0x0825
Seq        : 0xC000
Len        : 0x0215
TimeCode   : 00 D4 34 6B 6F 2E
Padding    : 0x00000000

[REPORT BODY]
Reflected MID  : 0x1875
Reflected CC   : 0x1A
RetType        : 0x05
RetCode        : 0
RetValSize     : 124

================= PARSED BY MID/CC =================
ReflectedMID : 0x1875
ReflectedCC  : 0x1A
PayloadLen   : 124

[EPS P60 ACU GET TABLE HK]

[Inputs]
c_in[0..5]: 50 61 57 53 15 13
v_in[0..5]: 16862 16853 16853 16816 15216 15373

[Bus/Temp]
vbat: 16253
vcc : 3279
temp[0..2]: 112 111 112

[MPPT]
mppt_mode: 1
vboost[0..5]: 17123 18333 18225 18440 17983 17930
power[0..5]: 843 1028 960 891 228 199

[DAC]
dac_en[0..2]: 1 1 1
dac_val[0..5]: 637 682 678 686 669 669

[Boot/Time]
bootcause : 0
bootcnt   : 1
uptime    : 152
resetcause: 0x8EB5

[MPPT Timing]
mppt_time  : 2
mppt_period: 1

[Device]
device_type[0..7]: 22 0 49 0 0 0 7 1
device_status[0..7]: 1 3 3 3 4 0 1 1

[WDT]
wdt_cnt_gnd : 65793
wdt_gnd_left: 8

[PAYLOAD HEX]
32 00 3D 00 39 00 35 00 0F 00 0D 00 DE 41 D5 41 
D5 41 B0 41 70 3B 0D 3C 7D 3F CF 0C 70 00 6F 00 
70 00 01 00 E3 42 9D 47 31 47 08 48 3F 46 0A 46 
4B 03 04 04 C0 03 7B 03 E4 00 C7 00 01 01 01 00 
7D 02 AA 02 A6 02 AE 02 9D 02 9D 02 00 00 00 00 
01 00 00 00 98 00 00 00 B5 8E 02 00 01 00 16 00 
31 00 00 00 07 01 01 03 03 03 04 00 01 01 01 01 
01 01 01 00 08 00 00 00 54 0B 02 00 

[RETURN VALUE]
32 00 3D 00 39 00 35 00 0F 00 0D 00 DE 41 D5 41 
D5 41 B0 41 70 3B 0D 3C 7D 3F CF 0C 70 00 6F 00 
70 00 01 00 E3 42 9D 47 31 47 08 48 3F 46 0A 46 
4B 03 04 04 C0 03 7B 03 E4 00 C7 00 01 01 01 00 
7D 02 AA 02 A6 02 AE 02 9D 02 9D 02 00 00 00 00 
01 00 00 00 98 00 00 00 B5 8E 02 00 01 00 16 00 
31 00 00 00 07 01 01 03 03 03 04 00 01 01 01 01 
01 01 01 00 08 00 00 00 54 0B 02 00 

[BINARY DATA]
25 08 00 C0 15 02 00 D4 34 6B 6F 2E 00 00 00 00 75 18 1A 05 00 00 00 00 7C 00 32 00 3D 00 39 00 35 00 0F 00 0D 00 DE 41 D5 41 D5 41 B0 41 70 3B 0D 3C 7D 3F CF 0C 70 00 6F 00 70 00 01 00 E3 42 9D 47 31 47 08 48 3F 46 0A 46 4B 03 04 04 C0 03 7B 03 E4 00 C7 00 01 01 01 00 7D 02 AA 02 A6 02 AE 02 9D 02 9D 02 00 00 00 00 01 00 00 00 98 00 00 00 B5 8E 02 00 01 00 16 00 31 00 00 00 07 01 01 03 03 03 04 00 01 01 01 01 01 01 01 00 08 00 00 00 54 0B 02 00 00 00 00 00 00 00 00 00 00 00 00 00 00 00 00 00 00 00 00 00 00 00 00 00 00 00 00 00 00 00 00 00 00 00 00 00 00 00 00 00 00 00 00 00 00 00 00 00 00 00 00 00 00 00 00 00 00 00 00 00 00 00 00 00 00 00 00 00 00 00 00 00 00 00 00 00 00 00 00 00 00 00 00 00 00 00 00 00 00 00 00 00 00 00 00 00 00 00 00 00 00 00 00 00 00 00 00 00 00 00 00 00 00 00 00 00 00 00 00 00 00 00 00 00 00 00 00 00 00 00 00 00 00 00 00 00 00 00 00 00 00 00 00 00 00 00 00 00 00 00 00 00 00 00 00 00 00 00 00 00 00 00 00 00 00 00 00 00 00 00 00 00 00 00 00 00 00 00 00 00 00 00 00 00 00 00 00 00 00 00 00 00 00 00 00 00 00 00 00 00 00 00 00 00 00 00 00 00 00 00 00 00 00 00 00 00 00 00 00 00 00 00 00 00 00 00 00 00 00 00 00 00 00 00 00 00 00 00 00 00 00 00 00 00 00 00 00 00 00 00 00 00 00 00 00 00 00 00 00 00 00 00 00 00 00 00 00 00 00 00 00 00 00 00 00 00 00 00 00 00 00 00 00 00 00 00 00 00 00 00 00 00 00 00 00 00 00 00 00 00 00 00 00 00 00 00 00 00 00 00 00 00 00 00 00 00 00 00 00 00 00 00 00 00 00 00 00 00 00 00 00 00 00 00 00 00 00 00 00 00 00 00 00 00 00 00 00 00 00 00 00 00 00 00 00 00 00 00 00 00 00 00 00 00 00 00 00 00 00 00 00 00 00 00 00 00 00 00 00 00 00 00 00 00 00 00 00 00 00 00 
