================= REPORT SAVE =================

[CCSDS HEADER]
MsgId      : 0x0825
Seq        : 0xC000
Len        : 0x0215
TimeCode   : 00 D4 34 61 1B 34
Padding    : 0x00000000

[REPORT BODY]
Reflected MID  : 0x1875
Reflected CC   : 0x1A
RetType        : 0x05
RetCode        : 0
RetValSize     : 124

================= PARSED BY MID/CC =================
ReflectedMID : 0x1875
ReflectedCC  : 0x1A
PayloadLen   : 124

[EPS P60 ACU GET TABLE HK]

[Inputs]
c_in[0..5]: 45 56 52 48 15 13
v_in[0..5]: 16862 16840 16853 16802 15161 15332

[Bus/Temp]
vbat: 16222
vcc : 3279
temp[0..2]: 110 111 112

[MPPT]
mppt_mode: 1
vboost[0..5]: 17338 18978 18817 18333 18037 18037
power[0..5]: 758 943 876 806 227 199

[DAC]
dac_en[0..2]: 1 1 1
dac_val[0..5]: 641 706 700 682 671 669

[Boot/Time]
bootcause : 0
bootcnt   : 1
uptime    : 152
resetcause: 0x8EAA

[MPPT Timing]
mppt_time  : 2
mppt_period: 1

[Device]
device_type[0..7]: 22 0 49 0 0 0 7 1
device_status[0..7]: 1 3 3 3 4 0 1 1

[WDT]
wdt_cnt_gnd : 65793
wdt_gnd_left: 8

[PAYLOAD HEX]
2D 00 38 00 34 00 30 00 0F 00 0D 00 DE 41 C8 41 
D5 41 A2 41 39 3B E4 3B 5E 3F CF 0C 6E 00 6F 00 
70 00 01 00 BA 43 22 4A 81 49 9D 47 75 46 75 46 
F6 02 AF 03 6C 03 26 03 E3 00 C7 00 01 01 01 00 
81 02 C2 02 BC 02 AA 02 9F 02 9D 02 00 00 00 00 
01 00 00 00 98 00 00 00 AA 8E 02 00 01 00 16 00 
31 00 00 00 07 01 01 03 03 03 04 00 01 01 01 01 
01 01 01 00 08 00 00 00 5F 0B 02 00 

[RETURN VALUE]
2D 00 38 00 34 00 30 00 0F 00 0D 00 DE 41 C8 41 
D5 41 A2 41 39 3B E4 3B 5E 3F CF 0C 6E 00 6F 00 
70 00 01 00 BA 43 22 4A 81 49 9D 47 75 46 75 46 
F6 02 AF 03 6C 03 26 03 E3 00 C7 00 01 01 01 00 
81 02 C2 02 BC 02 AA 02 9F 02 9D 02 00 00 00 00 
01 00 00 00 98 00 00 00 AA 8E 02 00 01 00 16 00 
31 00 00 00 07 01 01 03 03 03 04 00 01 01 01 01 
01 01 01 00 08 00 00 00 5F 0B 02 00 

[BINARY DATA]
25 08 00 C0 15 02 00 D4 34 61 1B 34 00 00 00 00 75 18 1A 05 00 00 00 00 7C 00 2D 00 38 00 34 00 30 00 0F 00 0D 00 DE 41 C8 41 D5 41 A2 41 39 3B E4 3B 5E 3F CF 0C 6E 00 6F 00 70 00 01 00 BA 43 22 4A 81 49 9D 47 75 46 75 46 F6 02 AF 03 6C 03 26 03 E3 00 C7 00 01 01 01 00 81 02 C2 02 BC 02 AA 02 9F 02 9D 02 00 00 00 00 01 00 00 00 98 00 00 00 AA 8E 02 00 01 00 16 00 31 00 00 00 07 01 01 03 03 03 04 00 01 01 01 01 01 01 01 00 08 00 00 00 5F 0B 02 00 00 00 00 00 00 00 00 00 00 00 00 00 00 00 00 00 00 00 00 00 00 00 00 00 00 00 00 00 00 00 00 00 00 00 00 00 00 00 00 00 00 00 00 00 00 00 00 00 00 00 00 00 00 00 00 00 00 00 00 00 00 00 00 00 00 00 00 00 00 00 00 00 00 00 00 00 00 00 00 00 00 00 00 00 00 00 00 00 00 00 00 00 00 00 00 00 00 00 00 00 00 00 00 00 00 00 00 00 00 00 00 00 00 00 00 00 00 00 00 00 00 00 00 00 00 00 00 00 00 00 00 00 00 00 00 00 00 00 00 00 00 00 00 00 00 00 00 00 00 00 00 00 00 00 00 00 00 00 00 00 00 00 00 00 00 00 00 00 00 00 00 00 00 00 00 00 00 00 00 00 00 00 00 00 00 00 00 00 00 00 00 00 00 00 00 00 00 00 00 00 00 00 00 00 00 00 00 00 00 00 00 00 00 00 00 00 00 00 00 00 00 00 00 00 00 00 00 00 00 00 00 00 00 00 00 00 00 00 00 00 00 00 00 00 00 00 00 00 00 00 00 00 00 00 00 00 00 00 00 00 00 00 00 00 00 00 00 00 00 00 00 00 00 00 00 00 00 00 00 00 00 00 00 00 00 00 00 00 00 00 00 00 00 00 00 00 00 00 00 00 00 00 00 00 00 00 00 00 00 00 00 00 00 00 00 00 00 00 00 00 00 00 00 00 00 00 00 00 00 00 00 00 00 00 00 00 00 00 00 00 00 00 00 00 00 00 00 00 00 00 00 00 00 00 00 00 00 00 00 00 00 00 00 00 00 00 00 00 00 00 00 00 00 00 00 00 00 00 00 00 00 00 00 00 00 00 00 00 00 00 
