================= REPORT SAVE =================

[CCSDS HEADER]
MsgId      : 0x0825
Seq        : 0xC000
Len        : 0x0215
TimeCode   : 00 D4 34 9F 0F 68
Padding    : 0x00000000

[REPORT BODY]
Reflected MID  : 0x1875
Reflected CC   : 0x14
RetType        : 0x05
RetCode        : 0
RetValSize     : 188

================= PARSED BY MID/CC =================
ReflectedMID : 0x1875
ReflectedCC  : 0x14
PayloadLen   : 188

[EPS P60 DOCK GET TABLE HK]

[Report Data]
c_out[0..12]: 51 56 16 0 9 0 -8 -8 34 503 18 6 15
v_out[0..12]: 0 0 0 0 16214 16214 275 275 16208 0 0 0 0
out_en[0..12]: 1 1 0 0 1 1 0 0 1 1 1 0 0

[Temps]
temp[0..1]: 0 115

[Boot/Time]
bootcause              : 256
bootcnt                : 171
uptime                 : 167659
resetcause             : 0x0001

[Modes/Flags]
batt_mode              : 3
heater_on              : 0
conv_5v_en              : 1

[Latchups]
latchup[0..12]: 0 0 0 0 0 0 0 0 0 0 0 0 0

[Battery/Power]
vbat_v                 : 16210
vcc_c                  : -107
batt_c                 : 134
batt_v                 : 16203
batt_temp[0..1]: 0 0

[Device]
device_type[0..7]: 7 2 2 1 4 6 0 0
device_status[0..7]: 1 1 1 1 1 1 0 0
dearm_status           : 0

[WDT Counters]
wdt_cnt_gnd            : 8
wdt_cnt_i2c            : 0
wdt_cnt_can            : 4
wdt_cnt_csp[0..1]: 0 41

[WDT Left]
wdt_gnd_left           : 172789
wdt_i2c_left           : 0
wdt_can_left           : 296
wdt_csp_left[0..1]: 5 5

[Battery Currents]
batt_chrg              : 334
batt_dischrg           : 200

[Deploy]
ant6_depl              : 3
ar6_depl               : 3

[PAYLOAD HEX]
33 00 38 00 10 00 00 00 09 00 00 00 F8 FF F8 FF 
22 00 F7 01 12 00 06 00 0F 00 00 00 00 00 00 00 
00 00 56 3F 56 3F 13 01 13 01 50 3F 00 00 00 00 
00 00 00 00 01 01 00 00 01 01 00 00 01 01 01 00 
00 00 00 00 73 00 71 00 00 01 00 00 AB 00 00 00 
EB 8E 02 00 01 00 03 00 01 00 00 00 00 00 00 00 
00 00 00 00 00 00 00 00 00 00 00 00 00 00 00 00 
00 00 00 00 52 3F 95 FF 86 00 4B 3F 00 00 00 00 
07 02 02 01 04 06 00 00 01 01 01 01 01 01 00 00 
00 00 00 00 08 00 00 00 00 00 00 00 04 00 00 00 
00 00 00 00 29 00 00 00 F5 A2 02 00 00 00 00 00 
28 01 00 00 05 05 4E 01 C8 00 03 03 

[RETURN VALUE]
33 00 38 00 10 00 00 00 09 00 00 00 F8 FF F8 FF 
22 00 F7 01 12 00 06 00 0F 00 00 00 00 00 00 00 
00 00 56 3F 56 3F 13 01 13 01 50 3F 00 00 00 00 
00 00 00 00 01 01 00 00 01 01 00 00 01 01 01 00 
00 00 00 00 73 00 71 00 00 01 00 00 AB 00 00 00 
EB 8E 02 00 01 00 03 00 01 00 00 00 00 00 00 00 
00 00 00 00 00 00 00 00 00 00 00 00 00 00 00 00 
00 00 00 00 52 3F 95 FF 86 00 4B 3F 00 00 00 00 
07 02 02 01 04 06 00 00 01 01 01 01 01 01 00 00 
00 00 00 00 08 00 00 00 00 00 00 00 04 00 00 00 
00 00 00 00 29 00 00 00 F5 A2 02 00 00 00 00 00 
28 01 00 00 05 05 4E 01 C8 00 03 03 

[BINARY DATA]
25 08 00 C0 15 02 00 D4 34 9F 0F 68 00 00 00 00 75 18 14 05 00 00 00 00 BC 00 33 00 38 00 10 00 00 00 09 00 00 00 F8 FF F8 FF 22 00 F7 01 12 00 06 00 0F 00 00 00 00 00 00 00 00 00 56 3F 56 3F 13 01 13 01 50 3F 00 00 00 00 00 00 00 00 01 01 00 00 01 01 00 00 01 01 01 00 00 00 00 00 73 00 71 00 00 01 00 00 AB 00 00 00 EB 8E 02 00 01 00 03 00 01 00 00 00 00 00 00 00 00 00 00 00 00 00 00 00 00 00 00 00 00 00 00 00 00 00 00 00 52 3F 95 FF 86 00 4B 3F 00 00 00 00 07 02 02 01 04 06 00 00 01 01 01 01 01 01 00 00 00 00 00 00 08 00 00 00 00 00 00 00 04 00 00 00 00 00 00 00 29 00 00 00 F5 A2 02 00 00 00 00 00 28 01 00 00 05 05 4E 01 C8 00 03 03 00 00 00 00 00 00 00 00 00 00 00 00 00 00 00 00 00 00 00 00 00 00 00 00 00 00 00 00 00 00 00 00 00 00 00 00 00 00 00 00 00 00 00 00 00 00 00 00 00 00 00 00 00 00 00 00 00 00 00 00 00 00 00 00 00 00 00 00 00 00 00 00 00 00 00 00 00 00 00 00 00 00 00 00 00 00 00 00 00 00 00 00 00 00 00 00 00 00 00 00 00 00 00 00 00 00 00 00 00 00 00 00 00 00 00 00 00 00 00 00 00 00 00 00 00 00 00 00 00 00 00 00 00 00 00 00 00 00 00 00 00 00 00 00 00 00 00 00 00 00 00 00 00 00 00 00 00 00 00 00 00 00 00 00 00 00 00 00 00 00 00 00 00 00 00 00 00 00 00 00 00 00 00 00 00 00 00 00 00 00 00 00 00 00 00 00 00 00 00 00 00 00 00 00 00 00 00 00 00 00 00 00 00 00 00 00 00 00 00 00 00 00 00 00 00 00 00 00 00 00 00 00 00 00 00 00 00 00 00 00 00 00 00 00 00 00 00 00 00 00 00 00 00 00 00 00 00 00 00 00 00 00 00 00 00 00 00 00 00 00 00 00 00 00 00 00 00 00 00 00 00 00 00 00 00 00 00 00 00 00 00 00 00 00 00 00 00 00 00 00 00 00 00 00 00 00 00 00 00 00 00 00 00 00 00 00 00 00 00 00 00 00 00 00 00 00 
