================= REPORT SAVE =================

[CCSDS HEADER]
MsgId      : 0x0825
Seq        : 0xC000
Len        : 0x0215
TimeCode   : 00 BA 86 99 BE D4
Padding    : 0x00000000

[REPORT BODY]
Reflected MID  : 0x1875
Reflected CC   : 0x1A
RetType        : 0x05
RetCode        : 0
RetValSize     : 124

================= PARSED BY MID/CC =================
ReflectedMID : 0x1875
ReflectedCC  : 0x1A
PayloadLen   : 124

[EPS P60 ACU GET TABLE HK]

[Inputs]
c_in[0..5]: 10 19 16 21 17 20
v_in[0..5]: 235 262 262 275 317 291

[Bus/Temp]
vbat: 16222
vcc : 3275
temp[0..2]: 210 210 211

[MPPT]
mppt_mode: 1
vboost[0..5]: 18252 17876 18037 17983 17876 17983
power[0..5]: 2 4 4 5 5 5

[DAC]
dac_en[0..2]: 1 1 1
dac_val[0..5]: 679 669 669 669 667 669

[Boot/Time]
bootcause : 0
bootcnt   : 256
uptime    : 150
resetcause: 0x0797

[MPPT Timing]
mppt_time  : 25
mppt_period: 1

[Device]
device_type[0..7]: 22 0 49 0 0 0 7 1
device_status[0..7]: 1 3 3 3 4 0 1 1

[WDT]
wdt_cnt_gnd : 65793
wdt_gnd_left: 8

[PAYLOAD HEX]
0A 00 13 00 10 00 15 00 11 00 14 00 EB 00 06 01 
06 01 13 01 3D 01 23 01 5E 3F CB 0C D2 00 D2 00 
D3 00 01 00 4C 47 D4 45 75 46 3F 46 D4 45 3F 46 
02 00 04 00 04 00 05 00 05 00 05 00 01 01 01 00 
A7 02 9D 02 9D 02 9D 02 9B 02 9D 02 00 00 00 00 
00 01 00 00 96 00 00 00 97 07 19 00 01 00 16 00 
31 00 00 00 07 01 01 03 03 03 04 00 01 01 01 01 
01 01 01 00 08 00 00 00 7A 14 02 00 

[RETURN VALUE]
0A 00 13 00 10 00 15 00 11 00 14 00 EB 00 06 01 
06 01 13 01 3D 01 23 01 5E 3F CB 0C D2 00 D2 00 
D3 00 01 00 4C 47 D4 45 75 46 3F 46 D4 45 3F 46 
02 00 04 00 04 00 05 00 05 00 05 00 01 01 01 00 
A7 02 9D 02 9D 02 9D 02 9B 02 9D 02 00 00 00 00 
00 01 00 00 96 00 00 00 97 07 19 00 01 00 16 00 
31 00 00 00 07 01 01 03 03 03 04 00 01 01 01 01 
01 01 01 00 08 00 00 00 7A 14 02 00 

[BINARY DATA]
25 08 00 C0 15 02 00 BA 86 99 BE D4 00 00 00 00 75 18 1A 05 00 00 00 00 7C 00 0A 00 13 00 10 00 15 00 11 00 14 00 EB 00 06 01 06 01 13 01 3D 01 23 01 5E 3F CB 0C D2 00 D2 00 D3 00 01 00 4C 47 D4 45 75 46 3F 46 D4 45 3F 46 02 00 04 00 04 00 05 00 05 00 05 00 01 01 01 00 A7 02 9D 02 9D 02 9D 02 9B 02 9D 02 00 00 00 00 00 01 00 00 96 00 00 00 97 07 19 00 01 00 16 00 31 00 00 00 07 01 01 03 03 03 04 00 01 01 01 01 01 01 01 00 08 00 00 00 7A 14 02 00 00 00 00 00 00 00 00 00 00 00 00 00 00 00 00 00 00 00 00 00 00 00 00 00 00 00 00 00 00 00 00 00 00 00 00 00 00 00 00 00 00 00 00 00 00 00 00 00 00 00 00 00 00 00 00 00 00 00 00 00 00 00 00 00 00 00 00 00 00 00 00 00 00 00 00 00 00 00 00 00 00 00 00 00 00 00 00 00 00 00 00 00 00 00 00 00 00 00 00 00 00 00 00 00 00 00 00 00 00 00 00 00 00 00 00 00 00 00 00 00 00 00 00 00 00 00 00 00 00 00 00 00 00 00 00 00 00 00 00 00 00 00 00 00 00 00 00 00 00 00 00 00 00 00 00 00 00 00 00 00 00 00 00 00 00 00 00 00 00 00 00 00 00 00 00 00 00 00 00 00 00 00 00 00 00 00 00 00 00 00 00 00 00 00 00 00 00 00 00 00 00 00 00 00 00 00 00 00 00 00 00 00 00 00 00 00 00 00 00 00 00 00 00 00 00 00 00 00 00 00 00 00 00 00 00 00 00 00 00 00 00 00 00 00 00 00 00 00 00 00 00 00 00 00 00 00 00 00 00 00 00 00 00 00 00 00 00 00 00 00 00 00 00 00 00 00 00 00 00 00 00 00 00 00 00 00 00 00 00 00 00 00 00 00 00 00 00 00 00 00 00 00 00 00 00 00 00 00 00 00 00 00 00 00 00 00 00 00 00 00 00 00 00 00 00 00 00 00 00 00 00 00 00 00 00 00 00 00 00 00 00 00 00 00 00 00 00 00 00 00 00 00 00 00 00 00 00 00 00 00 00 00 00 00 00 00 00 00 00 00 00 00 00 00 00 00 00 00 00 00 00 00 00 00 00 00 00 00 00 00 
