================= REPORT SAVE =================

[CCSDS HEADER]
MsgId      : 0x0825
Seq        : 0xC000
Len        : 0x0215
TimeCode   : 00 D0 3B 09 D0 8C
Padding    : 0x00000000

[REPORT BODY]
Reflected MID  : 0x1875
Reflected CC   : 0x1A
RetType        : 0x05
RetCode        : 0
RetValSize     : 124

================= PARSED BY MID/CC =================
ReflectedMID : 0x1875
ReflectedCC  : 0x1A
PayloadLen   : 124

[EPS P60 ACU GET TABLE HK]

[Inputs]
c_in[0..5]: 24 34 39 34 15 13
v_in[0..5]: 16806 16784 16798 16775 14829 14915

[Bus/Temp]
vbat: 16222
vcc : 3275
temp[0..2]: 175 176 177

[MPPT]
mppt_mode: 1
vboost[0..5]: 17876 18306 17284 17768 17822 17983
power[0..5]: 403 570 655 570 222 193

[DAC]
dac_en[0..2]: 1 1 1
dac_val[0..5]: 665 683 645 659 663 663

[Boot/Time]
bootcause : 3044749176
bootcnt   : 1
uptime    : 151
resetcause: 0x36A0

[MPPT Timing]
mppt_time  : 5
mppt_period: 1

[Device]
device_type[0..7]: 22 0 49 0 0 0 7 1
device_status[0..7]: 1 3 3 3 4 0 1 1

[WDT]
wdt_cnt_gnd : 65793
wdt_gnd_left: 8

[PAYLOAD HEX]
18 00 22 00 27 00 22 00 0F 00 0D 00 A6 41 90 41 
9E 41 87 41 ED 39 43 3A 5E 3F CB 0C AF 00 B0 00 
B1 00 01 00 D4 45 82 47 84 43 68 45 9E 45 3F 46 
93 01 3A 02 8F 02 3A 02 DE 00 C1 00 01 01 01 00 
99 02 AB 02 85 02 93 02 97 02 97 02 78 2F 7B B5 
01 00 00 00 97 00 00 00 A0 36 05 00 01 00 16 00 
31 00 00 00 07 01 01 03 03 03 04 00 01 01 01 01 
01 01 01 00 08 00 00 00 E0 A2 02 00 

[RETURN VALUE]
18 00 22 00 27 00 22 00 0F 00 0D 00 A6 41 90 41 
9E 41 87 41 ED 39 43 3A 5E 3F CB 0C AF 00 B0 00 
B1 00 01 00 D4 45 82 47 84 43 68 45 9E 45 3F 46 
93 01 3A 02 8F 02 3A 02 DE 00 C1 00 01 01 01 00 
99 02 AB 02 85 02 93 02 97 02 97 02 78 2F 7B B5 
01 00 00 00 97 00 00 00 A0 36 05 00 01 00 16 00 
31 00 00 00 07 01 01 03 03 03 04 00 01 01 01 01 
01 01 01 00 08 00 00 00 E0 A2 02 00 

[BINARY DATA]
25 08 00 C0 15 02 00 D0 3B 09 D0 8C 00 00 00 00 75 18 1A 05 00 00 00 00 7C 00 18 00 22 00 27 00 22 00 0F 00 0D 00 A6 41 90 41 9E 41 87 41 ED 39 43 3A 5E 3F CB 0C AF 00 B0 00 B1 00 01 00 D4 45 82 47 84 43 68 45 9E 45 3F 46 93 01 3A 02 8F 02 3A 02 DE 00 C1 00 01 01 01 00 99 02 AB 02 85 02 93 02 97 02 97 02 78 2F 7B B5 01 00 00 00 97 00 00 00 A0 36 05 00 01 00 16 00 31 00 00 00 07 01 01 03 03 03 04 00 01 01 01 01 01 01 01 00 08 00 00 00 E0 A2 02 00 00 00 00 00 00 00 00 00 00 00 00 00 00 00 00 00 00 00 00 00 00 00 00 00 00 00 00 00 00 00 00 00 00 00 00 00 00 00 00 00 00 00 00 00 00 00 00 00 00 00 00 00 00 00 00 00 00 00 00 00 00 00 00 00 00 00 00 00 00 00 00 00 00 00 00 00 00 00 00 00 00 00 00 00 00 00 00 00 00 00 00 00 00 00 00 00 00 00 00 00 00 00 00 00 00 00 00 00 00 00 00 00 00 00 00 00 00 00 00 00 00 00 00 00 00 00 00 00 00 00 00 00 00 00 00 00 00 00 00 00 00 00 00 00 00 00 00 00 00 00 00 00 00 00 00 00 00 00 00 00 00 00 00 00 00 00 00 00 00 00 00 00 00 00 00 00 00 00 00 00 00 00 00 00 00 00 00 00 00 00 00 00 00 00 00 00 00 00 00 00 00 00 00 00 00 00 00 00 00 00 00 00 00 00 00 00 00 00 00 00 00 00 00 00 00 00 00 00 00 00 00 00 00 00 00 00 00 00 00 00 00 00 00 00 00 00 00 00 00 00 00 00 00 00 00 00 00 00 00 00 00 00 00 00 00 00 00 00 00 00 00 00 00 00 00 00 00 00 00 00 00 00 00 00 00 00 00 00 00 00 00 00 00 00 00 00 00 00 00 00 00 00 00 00 00 00 00 00 00 00 00 00 00 00 00 00 00 00 00 00 00 00 00 00 00 00 00 00 00 00 00 00 00 00 00 00 00 00 00 00 00 00 00 00 00 00 00 00 00 00 00 00 00 00 00 00 00 00 00 00 00 00 00 00 00 00 00 00 00 00 00 00 00 00 00 00 00 00 00 00 00 00 00 00 00 00 00 00 00 00 
